,FOURTH WARD,SECOND WARD,DOWNTOWN,CLINTON PARK TRI-COMMUNITY,GREATER UPTOWN,GREATER INWOOD,GREATER HOBBY AREA,GOLFCREST / BELLFORT / REVEILLE,ELDRIDGE / WEST OAKS,WASHINGTON AVENUE COALITION / MEMORIAL PARK,GREATER FIFTH WARD,DENVER HARBOR / PORT HOUSTON,PLEASANTVILLE AREA,NORTHSHORE,LAZYBROOK / TIMBERGROVE,GREATER HEIGHTS,KASHMERE GARDENS,MINNETEX,NEAR NORTHSIDE,SPRING BRANCH EAST,SPRING BRANCH NORTH,EL DORADO / OATES PRAIRIE,SPRING BRANCH CENTRAL,HUNTERWOOD,SETTEGAST,LANGWOOD,INDEPENDENCE HEIGHTS,CENTRAL NORTHWEST,TRINITY / HOUSTON GARDENS,CARVERDALE,EASTEX - JENSEN AREA,EAST HOUSTON,ACRES HOME,NORTHSIDE/NORTHLINE,HIDDEN VALLEY,EAST LITTLE YORK / HOMESTEAD,WILLOWBROOK,GREATER GREENSPOINT,IAH / AIRPORT AREA,KINGWOOD AREA,LAKE HOUSTON,FAIRBANKS / NORTHWEST CROSSING,WESTBRANCH,SHARPSTOWN,WESTWOOD,FORT BEND HOUSTON,FONDREN GARDENS,SOUTH BELT / ELLINGTON,SOUTH ACRES / CRESTMONT PARK,BRAYS OAKS,CENTRAL SOUTHWEST,SUNNYSIDE,ALIEF,PECAN PARK,CLEAR LAKE,WESTBURY,WILLOW MEADOWS / WILLOWBEND AREA,BRAEBURN,SOUTH MAIN,SOUTH PARK,ASTRODOME AREA,GREATER OST / SOUTH UNION,PARK PLACE,MEADOWBROOK / ALLENDALE,MEDICAL CENTER AREA,GULFTON,MACGREGOR,GULFGATE RIVERVIEW / PINE VALLEY,HARRISBURG / MANCHESTER,UNIVERSITY PLACE,WESTCHASE,MUSEUM PARK,LAWNDALE / WAYSIDE,GREENWAY / UPPER KIRBY AREA,GREATER THIRD WARD,MID WEST,GREATER EASTWOOD,MIDTOWN,BRAESWOOD,MEYERLAND AREA,EDGEBROOK AREA,MAGNOLIA PARK,AFTON OAKS / RIVER OAKS AREA,BRIAR FOREST,NEARTOWN - MONTROSE,MEMORIAL,SPRING BRANCH WEST,ADDICKS PARK TEN
FOURTH WARD,0,17520.34933,6717.15811,36849.22532,30876.30316,53165.88907,58214.10088,42433.02476,96972.91082,16982.24775,17437.66246,28016.05276,33314.39493,53241.38924,24302.23121,16543.04112,24903.70747,55497.87764,16893.81648,35840.03292,56945.89257,46952.25332,46449.28942,55572.44,37722.69705,42313.53763,26257.16148,34210.15126,34611.62668,65047.10786,36805.64129,50682.44957,43115.55361,36981.4102,49156.27757,50082.12438,88516.77679,67576.11722,84400.51692,125463.9796,118008.4331,53853.43137,63138.0333,51233.51993,60082.71186,67215.45096,59977.17459,81867.98447,47152.85204,59414.52672,51957.60544,36398.14796,71377.55463,33933.21713,103973.608,48462.13628,38584.8362,51070.98176,31720.69157,36373.72885,24630.28436,24461.1734,40080.81017,49268.48863,17185.18783,35360.79375,17433.95617,27234.94563,39098.3736,15489.65931,61520.60226,9693.016138,26398.56502,19200.4756,13273.09489,44930.70636,16722.32157,5078.065003,27485.5268,41024.77343,64118.99168,28382.84624,19893.0347,63602.56456,6329.419416,69615.45558,61199.51519,85052.17641
SECOND WARD,17520.34933,0,8445.641847,17589.48954,43028.74576,60640.98112,44255.35794,28074.21781,108591.8772,28168.45594,8125.334938,10155.19475,17467.81184,32019.34818,33681.35042,22030.27762,16610.2577,48257.48878,15507.99558,45875.51668,68287.72953,29105.54981,59906.35798,40191.8296,25787.5426,55280.85069,29905.63047,42266.35447,27834.39561,75374.31958,33777.20402,38631.78793,48240.74922,38421.09394,54905.78949,44012.66013,94923.96161,69364.66482,81759.72503,117610.4746,107001.0798,62913.51789,78047.31861,62804.08021,72571.97779,73649.69735,68484.7889,64009.4692,44561.04337,69412.11258,56348.46043,34556.28815,82850.62543,18840.03359,86128.01061,57171.50481,46181.62763,61929.28869,37515.6637,28302.03163,28596.8024,21090.7613,25548.14072,30229.48719,22630.7484,46775.56665,15793.04696,13439.97994,18687.31088,24164.60172,73256.52099,18509.62404,8946.296611,30819.87312,9464.960788,56663.60239,4372.353562,13722.01744,35889.54383,50832.82824,46256.35929,8731.014521,31515.81193,75180.15247,19574.60457,81076.71656,72101.39369,96106.70884
DOWNTOWN,6717.15811,8445.641847,0,27560.05716,34455.64891,54789.77641,49650.43525,33659.58075,100557.9066,20623.49497,8191.180783,18424.80721,25401.20547,43487.83765,27431.23377,16352.57097,16273.29269,49095.6409,12475.96134,39296.61257,60530.73949,37066.91067,49957.50533,47141.6806,29035.16284,45527.06289,24975.91695,36323.94001,26874.27255,68325.45166,31569.73329,41747.20552,42983.58521,34608.78768,48153.87343,42896.06514,89391.87653,65622.6897,79612.25428,118203.8501,109848.9205,56807.03073,66875.57862,54857.45495,63648.58278,69305.25487,62642.12162,72774.02972,42412.33278,62658.73361,52314.3542,31845.59563,74964.72854,26389.05236,94847.77055,51300.21804,41014.29913,54520.12311,33253.94683,29006.62473,24554.3729,20835.97089,33332.66284,39989.4177,17992.37224,38929.52742,13620.01969,18282.11395,29679.72823,17963.37241,65147.8814,11783.05519,17149.02891,22813.79797,6661.139943,48547.1805,7436.208484,5582.762443,30092.25803,44168.40566,54989.9604,19045.11975,23445.14454,67140.00978,9607.168188,73226.00227,64838.9944,88708.43866
CLINTON PARK TRI-COMMUNITY,36849.22532,17589.48954,27560.05716,0,64261.05515,80908.83038,38332.57502,23913.09466,130289.4066,50317.35654,20410.47037,10445.43191,6290.636041,15697.31601,55540.14469,43041.23328,24044.26116,47754.07164,32303.74127,67871.0025,89458.5078,18151.96939,78783.93181,28163.27012,22565.02064,73372.75941,48033.94152,63330.90075,26753.16062,96052.69946,38881.48287,28308.19874,66052.89636,51373.05941,68244.53239,39331.01096,112334.2695,79045.94939,80088.70434,106777.1752,94286.94974,84298.72634,96472.97362,83149.57644,91598.15653,87284.67511,85494.92054,50170.00265,48854.93318,87975.68043,68987.44721,42601.76477,103063.8383,15316.33351,71384.93744,74717.65125,63056.62198,81431.70514,53419.58469,31557.29771,44134.05368,32911.92738,16100.75258,17518.57762,40920.90509,67037.42674,31791.53434,21735.54269,9091.325523,43529.90975,94551.40833,37880.68443,13585.83453,51596.07704,26516.28568,77936.42823,18975.61362,33403.94044,54105.2961,69694.16664,36832.94507,8241.144585,53187.13593,96960.06306,39214.83691,103098.2963,94295.9311,118340.576
GREATER UPTOWN,30876.30316,43028.74576,34455.64891,64261.05515,0,35936.97962,71498.19907,59146.08712,58685.04362,16006.94066,42322.23293,52890.54743,62346.91151,78084.64376,19269.23558,24587.06126,45592.97168,63528.02108,36788.9823,13180.81066,26534.59598,69771.71097,18763.58702,82491.36951,63577.34385,26193.32782,34460.76112,24293.26257,52155.59827,36394.66037,47211.67067,69354.26512,35058.2499,41477.98722,51605.9552,62833.52989,70647.69843,61911.31096,86392.22625,135044.5015,131268.3462,29852.2133,38028.5732,17915.66965,36088.33632,53750.36554,47446.1366,99087.32097,56105.26262,33521.91106,41167.50365,43844.61182,36989.28915,59535.88326,120771.72,35636.79634,30058.17189,26578.91802,33550.93071,49717.73368,32704.82447,40842.83863,66296.4011,71903.25955,31521.74729,13925.11437,35820.2807,47857.94163,63700.36924,23699.35311,24589.08559,32380.53278,51044.50942,13536.00888,35739.12941,9627.088509,42477.16697,31599.61546,23949.77545,26096.60613,83440.95191,54208.58894,9653.181562,25177.97188,23250.21865,31985.00893,27135.59682,50035.66726
GREATER INWOOD,53165.88907,60640.98112,54789.77641,80908.83038,35936.97962,0,102638.3811,86952.69808,75449.85112,34799.12526,54648.97736,65236.88019,70718.64901,84531.3422,24946.88472,31635.17421,50896.9835,98193.78681,41950.85337,20757.20402,24167.35446,72490.4992,19786.82226,85952.11881,67080.21015,16359.48913,28233.37997,13766.98012,53842.48469,21101.65552,40167.09193,65553.94779,8874.506623,26539.14377,22165.60928,54440.34192,30688.44765,27556.59416,57365.798,110394.0863,111924.9385,9196.009623,26352.19896,57510.85637,71835.23656,94910.1111,89044.64582,125992.7951,92614.48404,74363.64839,83543.91932,79148.15694,71360.35073,84765.20219,148114.8682,77514.47552,71041.21692,67800.88488,71406.06516,82720.19735,69051.05937,73446.68618,91747.89596,95767.17008,63675.8355,55629.88875,64806.63352,72358.52289,85070.80882,57885.48792,55795.33999,62193.03567,75593.80075,51609.04814,62745.63025,47931.62836,65281.74048,56776.38358,64343.5303,67687.83172,111278.271,74801.79096,44671.58842,49499.60102,49402.35834,46491.68999,31551.97139,50866.23638
GREATER HOBBY AREA,58214.10088,44255.35794,49650.43525,38332.57502,71498.19907,102638.3811,0,11075.51274,125537.7816,60317.54906,51247.45005,43736.77914,47856.83998,49704.55839,73539.6015,64466.95503,62775.64901,11619.17654,60258.1478,81784.38956,104607.9636,62332.20597,96396.57242,71397.84608,64883.02416,96663.80297,77272.00473,81941.76156,66574.97057,113734.3883,75275.45988,70869.83562,91387.34184,82370.11144,102421.1637,82430.91722,139518.355,113215.6617,121359.7033,148874.7804,134974.0784,103093.5864,115903.1753,75463.15055,86406.5597,62094.91512,70956.6957,18057.58473,19538.76471,72572.59696,45149.63147,24586.27083,92538.0847,28192.93212,39565.87536,62390.09397,53944.67716,73691.94852,43969.68816,19128.43871,40323.53539,31057.34362,22248.68473,16949.44105,46401.09058,70185.86302,37619.53187,28106.79755,32574.02277,52159.95243,92287.49956,49105.59719,33570.35429,59470.8712,38842.73955,75380.35807,41064.30108,51618.67101,52565.30776,60969.38317,16210.4838,37110.96079,62394.4465,95135.31328,54563.21027,103810.2369,100406.7336,123018.3161
GOLFCREST / BELLFORT / REVEILLE,42433.02476,28074.21781,33659.58075,23913.09466,59146.08712,86952.69808,11075.51274,0,117430.8543,45475.97214,35074.08347,29109.60559,33012.99468,39779.8805,57929.6875,48338.21893,46947.62302,16165.38103,44020.37726,66962.72897,90507.4145,47087.99459,82142.12887,57034.46048,49379.10775,81368.02423,61056.78725,65869.59426,51017.6417,99239.93748,59406.83638,57421.87027,74995.88466,65550.20027,86208.83891,66823.60784,123679.7512,96542.45252,106328.8319,136260.6963,123747.3443,87982.80872,101548.2123,67172.31096,79649.63421,62134.52985,67633.84153,28669.21753,19469.72356,68079.8089,44639.39573,18579.08824,86306.8058,12798.92244,50539.24928,56539.70684,45263.64684,65787.60304,34380.15873,10976.6681,29866.7052,15747.4116,10201.11942,11899.15056,33604.85757,58805.15692,21739.52944,12042.75098,17905.40549,38552.90326,82198.55137,34684.6008,17465.42702,45340.58537,22923.96284,65014.62652,24902.41731,36201.44719,41198.15736,51612.91192,19515.17461,21767.74197,47761.46116,85402.54654,39576.55828,93339.93651,88113.26909,111291.2041
ELDRIDGE / WEST OAKS,96972.91082,108591.8772,100557.9066,130289.4066,58685.04362,75449.85112,125537.7816,117430.8543,0,75133.87983,108616.1131,117849.6656,128695.2041,135504.9282,76955.62993,83164.68851,110116.6888,116394.1292,102633.5106,63896.14231,48533.97012,132091.5413,56205.11527,148279.9869,129448.4115,64908.26811,93505.24919,73747.15202,115935.5029,55840.06814,110786.295,132064.3005,82628.20831,96959.54525,100982.2613,122840.0663,85607.54013,105339.6499,128715.1986,175439.7934,174915.0483,59529.86289,49939.65737,43998.83884,46711.34619,73644.18822,69843.01578,141390.933,105413.9524,52166.04571,74545.53989,100951.1403,26820.83234,123105.0529,172041.3396,67614.19389,77321.66084,54040.16455,85179.28434,108599.6076,89282.95048,100986.0797,129202.6046,134427.8297,90264.11082,61976.75177,97936.69598,112316.7211,127588.062,86619.96168,31904.45252,95612.12513,115321.7386,73595.74266,99899.31965,48044.47492,107732.9854,96603.14725,78634.83034,64703.37052,143483.1602,119616.3649,73531.26986,27136.67843,88907.49626,17776.12886,27316.23078,20807.03812
WASHINGTON AVENUE COALITION / MEMORIAL PARK,16982.24775,28168.45594,20623.49497,50317.35654,16006.94066,34799.12526,60317.54906,45475.97214,75133.87983,0,27731.74885,37733.31847,47591.15918,54346.38407,8178.911534,8379.469456,29226.91047,58569.96531,21651.32028,15908.58967,40293.00126,51086.50067,31917.26588,67317.55727,48381.31594,28788.1234,19338.78152,16876.89071,35750.58537,47740.29008,30975.47237,52086.07932,29357.14075,30271.71338,40568.66361,45116.25848,71956.69435,57312.49937,78346.25683,119846.7286,112757.8075,35418.67926,50305.57046,33438.46524,52631.83798,64158.66231,57305.27149,82904.10293,50880.44724,46744.11918,49963.52777,39947.79408,53208.9349,47585.95076,105015.2262,43279.0274,34805.14502,39763.64956,31857.16896,41535.16787,27701.69736,32250.01885,54563.02476,60090.9112,22648.1957,23827.74676,24781.94367,35184.76364,50299.80323,16787.84591,44514.92534,21919.33356,38761.94229,13280.19897,24059.35963,25926.23042,29603.434,18729.76541,26115.37712,33926.96961,72919.26572,40969.11564,7195.244107,43429.96328,10162.56126,47203.80768,38236.74513,62245.42088
GREATER FIFTH WARD,17437.66246,8125.334938,8191.180783,20410.47037,42322.23293,54648.97736,51247.45005,35074.08347,108616.1131,27731.74885,0,8174.127108,15903.74274,32406.71028,30955.99574,18309.34969,8138.181608,54933.67387,8520.180041,43420.81642,64975.72522,23001.94322,56923.29514,36415.03793,18019.47304,50220.47556,22081.32247,37539.87736,15122.18721,70661.57226,23514.16971,27093.82883,40680.86731,29159.67189,46283.62014,30870.9005,87473.22273,59767.5649,70881.77663,104949.5969,95370.23764,58590.00551,73778.10584,64221.99492,75828.14736,77743.0871,74860.90237,70306.25013,50337.89606,72098.8268,60883.52791,40081.23505,84326.24588,27907.27465,92422.62718,60399.76487,49769.8646,64102.73427,42382.37364,34740.96506,33584.8635,27256.24615,33644.15886,36323.03354,29166.43183,48447.40269,24526.73299,20720.99646,25852.12025,27037.29087,73804.3792,23869.74771,18267.79154,32237.6547,17774.52791,57272.00869,14322.18475,17888.01705,40131.5532,53543.89288,54223.2713,14668.74644,32009.41449,75184.64483,20870.6906,80676.65756,70572.16471,94897.32353
DENVER HARBOR / PORT HOUSTON,28016.05276,10155.19475,18424.80721,10445.43191,52890.54743,65236.88019,43736.77914,29109.60559,117849.6656,37733.31847,8174.127108,0,6152.613468,22296.43491,42326.67104,29554.08339,12900.55816,47309.43173,19830.67698,54777.37326,76528.91253,16804.50623,68379.34664,29360.48607,15719.05119,61982.01483,33170.95939,48725.78073,17051.63713,82443.84031,26309.25728,22262.47472,50445.5362,36780.65197,56660.21154,32692.54052,97404.93231,66072.94146,70013.37106,100947.7105,90741.19417,69774.64339,85498.45661,71681.78946,84954.2169,81340.97818,80823.39321,55406.8259,47741.10402,78036.24137,63576.07339,40116.22617,91747.6138,22175.71292,73038.67503,66562.03521,55316.70947,70700.36684,46718.65181,32464.38547,37304.25319,27343.52502,26283.05768,27214.15241,35436.3638,57111.34183,25901.89463,21967.59627,18760.48651,34081.28247,82415.88769,31397.01263,15607.94367,40719.51565,22058.44372,65793.32706,15687.22167,26198.20183,47044.22743,59488.11334,47563.54872,8654.238783,40755.66794,84472.03922,31221.00896,90545.55854,81575.22658,105725.0205
PLEASANTVILLE AREA,33314.39493,17467.81184,25401.20547,6290.636041,62346.91151,70718.64901,47856.83998,33012.99468,128695.2041,47591.15918,15903.74274,6152.613468,0,18097.98693,49980.83252,37351.36667,14205.95189,55685.1092,24806.18803,62414.93267,83730.68503,11808.44016,73374.41638,21097.05682,12145.46429,66697.69383,37968.45035,55584.99051,15406.61393,88096.60828,27289.38828,20158.12588,55280.86472,39905.85624,58843.43019,29020.51379,100887.3921,67397.05322,69339.82238,98960.19913,88440.35456,76366.80176,89888.92592,83517.86311,91239.35183,89574.27666,88157.25159,60065.56476,54413.42414,88702.76783,71286.57572,46185.9625,103451.8122,25801.40405,81219.67116,75560.50004,63955.80549,81983.55113,54410.38515,38153.38369,45144.4813,34479.11407,28457.6991,28140.17484,42160.77902,67409.80568,32541.13296,28633.89322,21538.20071,44023.33348,94022.67728,37405.8162,21204.03147,51774.19619,29047.11882,77479.34591,21995.07724,31883.86657,54812.00954,70344.40922,49572.1028,13865.48939,52204.52727,95286.09832,38327.90983,100494.5492,89663.93303,114076.9024
NORTHSHORE,53241.38924,32019.34818,43487.83765,15697.31601,78084.64376,84531.3422,49704.55839,39779.8805,135504.9282,54346.38407,32406.71028,22296.43491,18097.98693,0,64737.8784,51233.65152,28031.59575,61651.96288,44769.20713,77450.34376,101247.32,11240.84716,93166.36336,14182.20418,23959.54411,85895.924,55725.68129,62866.63453,28408.69888,106163.0747,43013.48377,20717.27852,69534.226,49506.10873,75285.47404,37559.54071,116729.6814,78479.10603,73821.48412,93756.47085,79220.12236,91316.4951,109699.9121,92518.94384,110091.8735,100921.4431,104594.5376,52844.59453,64275.28967,100856.3357,80840.21885,58361.85734,113194.2228,32615.36538,69724.43399,90866.31598,79198.20949,95718.15451,69188.01358,49511.70873,60468.52862,47037.14523,31404.65953,25869.48741,59748.7895,82343.27399,46668.98741,39890.98054,24334.20677,58864.35754,106384.2002,56047.12903,32815.36387,65927.0356,45520.11144,86686.38625,37569.20907,51051.48256,71569.50865,82808.24778,48788.18408,27482.64196,64195.11826,105789.5551,56540.50879,107081.8641,99525.22449,120710.6692
LAZYBROOK / TIMBERGROVE,24302.23121,33681.35042,27431.23377,55540.14469,19269.23558,24946.88472,73539.6015,57929.6875,76955.62993,8178.911534,30955.99574,42326.67104,49980.83252,64737.8784,0,8736.008285,31682.60107,69877.68872,22425.16065,8588.459087,30293.95763,55925.17543,22379.56365,68285.89441,49817.05905,17089.75921,15004.40995,8808.328355,38171.90277,36741.21174,32450.26234,55391.58298,21638.24225,25543.0794,31224.33273,49496.37901,60351.52065,49506.31666,74080.79746,122799.706,118243.0444,23790.77292,39446.09786,43307.81851,54751.60251,73222.28452,62726.82124,97538.78758,62300.30114,57796.1322,60565.59999,50098.18753,61674.30603,56262.10578,119624.4777,51300.9512,44680.44865,47218.47481,41664.34236,52566.72004,38758.31314,43224.78744,63321.02164,68086.6221,33472.777,31597.28458,34904.30139,43682.23809,57663.63504,27600.22134,46365.2487,32184.73876,47327.57483,22134.41568,33731.85636,32113.43454,37285.85846,27402.38612,35092.41626,42461.13509,82430.32877,48074.52709,15509.77696,44677.24989,19379.68809,47443.21324,35516.52263,59888.22018
GREATER HEIGHTS,16543.04112,22030.27762,16352.57097,43041.23328,24587.06126,31635.17421,64466.95503,48338.21893,83164.68851,8379.469456,18309.34969,29554.08339,37351.36667,51233.65152,8736.008285,0,18775.54994,63848.76867,10572.47423,20722.94434,44122.17418,42888.09269,36120.32885,55989.45124,37374.17177,29077.12691,8666.102054,10236.38447,24829.85009,49407.49038,19592.63188,41914.15445,22227.61838,18562.52984,31763.92178,35685.40571,67702.88373,48599.34031,66187.41088,109836.4796,104451.406,34981.24211,52557.98565,48817.64894,62823.78255,74933.37808,67945.64139,86436.95572,58470.48787,61360.9386,59700.02979,45858.46978,67635.29407,46328.34744,108576.8653,53760.47321,45225.16367,51573.02023,41270.15609,47036.70209,37573.08904,38806.61739,53251.46318,57002.98477,29973.30881,35483.62597,29389.58197,34284.75439,46379.6249,26759.66887,53194.48811,27301.38827,36893.69842,23375.04621,25338.92066,38225.54579,26924.12798,20309.54285,36562.73002,44510.13028,72894.29748,36358.09787,16707.4526,51368.90215,15902.16581,53537.60744,43039.70837,65658.68564
KASHMERE GARDENS,24903.70747,16610.2577,16273.29269,24044.26116,45592.97168,50896.9835,62775.64901,46947.62302,110116.6888,29226.91047,8138.181608,12900.55816,14205.95189,28031.59575,31682.60107,18775.54994,0,67992.29679,11742.31606,43919.86668,67150.41574,16829.70286,58944.48379,32502.77664,13949.76046,50908.34976,20347.14907,35380.22732,8673.983944,70845.31845,16520.52561,20930.65546,36058.87933,23063.03788,41242.70871,24593.18064,82533.55763,53145.81085,63938.52876,99153.67888,89315.62828,56175.40873,74760.91671,68273.46236,83374.46838,86677.43439,83646.29801,78211.19114,62350.91037,78373.81789,70639.20555,51763.89048,88354.36954,34660.80183,99594.46393,68886.33893,58701.89137,69634.99641,51396.44841,47992.52323,42845.2082,38192.29719,39956.11959,44983.81956,38068.05357,54296.40247,33231.61728,33140.70571,32207.51216,34978.35171,76513.87637,32712.86293,26536.31484,38312.23144,26699.17923,60233.63047,22971.64135,26636.86031,48834.98671,60271.40583,61593.54036,21382.40328,35409.6374,76934.65142,27917.69545,81391.58919,69940.98816,94328.68311
MINNETEX,55497.87764,48257.48878,49095.6409,47754.07164,63528.02108,98193.78681,11619.17654,16165.38103,116394.1292,58569.96531,54933.67387,47309.43173,55685.1092,61651.96288,69877.68872,63848.76867,67992.29679,0,60852.90089,76004.20578,96183.23501,70415.14476,88447.96074,81435.55786,71712.66362,91162.32971,77428.11174,78830.22192,73109.61101,105902.6827,74498.03966,75794.92682,89674.3623,79903.05141,101847.983,88205.22442,135568.7735,110981.9834,121687.4402,153218.5062,141201.7484,96710.67019,107747.9481,65777.6834,72155.11256,46276.22062,56194.76907,36069.27379,7428.30847,59300.93856,31115.78424,15747.16608,81273.84454,35561.69035,56419.24146,47858.65022,41158.60616,59971.65119,32652.46772,15174.14414,30840.43201,28927.3269,32614.08279,30442.10552,39030.75968,57817.96526,36428.3353,31692.5421,41944.20549,43060.04945,81106.27692,43927.81008,38346.86134,52423.61744,39371.73799,68334.09495,42774.66071,48618.353,41399.25533,48466.90043,30379.11524,44733.17858,56506.15809,88196.23301,49944.79082,97542.38,95074.55673,117335.4478
NEAR NORTHSIDE,16893.81648,15507.99558,12475.96134,32303.74127,36788.9823,41950.85337,60258.1478,44020.37726,102633.5106,21651.32028,8520.180041,19830.67698,24806.18803,44769.20713,22425.16065,10572.47423,11742.31606,60852.90089,0,34556.72575,54863.67872,35981.12334,45540.87161,44150.49043,24716.20246,38204.92726,11054.26016,26375.60344,17476.62341,58728.36317,14906.10437,34489.72349,27696.01985,17309.25169,36121.43323,29071.27809,75118.84132,48142.37513,62762.15371,103935.8955,97786.30416,47039.96047,61853.31495,59782.50781,71079.70089,80978.01863,74693.42203,81021.34857,57144.68182,69205.61329,61480.02755,45751.52952,79893.69536,39641.35738,103163.8686,60031.37043,51106.3634,60526.39966,44539.86522,43297.99527,38657.12725,36382.99686,45943.72191,48142.62323,31482.16094,44484.16065,29145.48675,29456.38389,38066.00651,28104.27419,68574.64621,27264.37471,29361.78959,28209.20392,22706.78493,52163.75653,21787.40406,19678.47437,40707.89007,50961.39707,66060.09374,26795.3185,27046.49823,69462.97458,18211.05646,73792.15411,61360.95196,85698.59461
SPRING BRANCH EAST,35840.03292,45875.51668,39296.61257,67871.0025,13180.81066,20757.20402,81784.38956,66962.72897,63896.14231,15908.58967,43420.81642,54777.37326,62414.93267,77450.34376,8588.459087,20722.94434,43919.86668,76004.20578,34556.72575,0,17943.57304,68193.33579,9980.080892,80703.93677,62252.90145,9471.881574,24627.48519,11289.88042,49775.74221,24719.65298,42196.36555,66781.03681,22572.7968,31884.07451,35784.44015,58900.18309,53776.37592,50174.98966,76917.04067,128347.3041,126054.4038,13844.08093,27259.72342,34407.43842,48422.08734,71136.76918,63452.78877,107391.4746,70165.18681,51516.15766,59918.14949,57002.00645,51312.1096,67597.99619,129411.8375,51924.98466,45946.06686,42262.84711,47864.61878,61785.13794,46315.14517,52438.04412,74638.04372,79800.68234,42897.86667,30192.27328,45160.84328,55042.20514,69517.2255,35430.24456,35237.49564,42329.57418,58682.1287,27242.69331,44381.8758,22987.95563,49060.77932,38465.98049,39374.73031,42100.55779,93326.95567,59986.43082,20289.44376,32363.76379,29960.17324,34211.08415,22258.63367,46621.84646
SPRING BRANCH NORTH,56945.89257,68287.72953,60530.73949,89458.5078,26534.59598,24167.35446,104607.9636,90507.4145,48533.97012,40293.00126,64975.72522,76528.91253,83730.68503,101247.32,30293.95763,44122.17418,67150.41574,96183.23501,54863.67872,17943.57304,0,91357.12718,7862.720652,101579.0799,83408.00486,14212.40653,44545.53763,30325.34204,71924.05671,10377.22938,61351.60677,87980.92304,34212.68603,50080.24814,47399.40174,76733.67536,46628.28512,56721.45669,86624.56746,139895.4998,140502.3241,11192.90825,6260.225645,39857.16629,49275.08794,81141.62927,70949.49497,131094.2742,86726.80178,57465.79988,74381.77424,75596.65964,50592.86065,88309.20493,153039.2113,59703.44511,59143.79275,49048.51095,64029.11958,81337.69249,63426.18291,71245.36947,95309.08205,100823.2021,62163.50679,40780.62991,65096.03247,77005.00031,90728.04632,53737.8726,32254.35454,62140.70531,79445.35042,44035.75156,64589.78761,29390.24329,70176.76929,59178.15159,53677.50419,50601.32241,113834.4071,81228.37968,37958.06446,24991.03433,50512.26572,20203.26506,7405.814374,27061.54876
EL DORADO / OATES PRAIRIE,46952.25332,29105.54981,37066.91067,18151.96939,69771.71097,72490.4992,62332.20597,47087.99459,132091.5413,51086.50067,23001.94322,16804.50623,11808.44016,11240.84716,55925.17543,42888.09269,16829.70286,70415.14476,35981.12334,68193.33579,91357.12718,0,82802.80272,8869.820283,10692.34074,74818.53116,44193.14768,57827.93458,16123.49339,94329.57885,30697.84018,13296.01743,56967.78931,41178.89317,60791.90583,26881.07686,102197.9096,68020.08014,66701.96475,87448.44592,74047.76277,79479.83055,98605.08246,89254.02447,105569.3553,102165.154,102914.971,72309.6917,68818.94456,97622.99709,84098.16727,60022.8377,109351.4254,36840.50597,91253.21586,88511.55925,77292.71644,91427.60768,68309.54562,51722.4337,58973.03811,47481.519,37379.44374,41341.34975,56911.65,76850.32497,46296.79263,42329.84761,30164.77136,54714.50584,99643.74799,52111.50263,33953.11275,60384.46716,43509.44931,81820.18759,36033.50576,46510.30942,68783.71639,79679.29985,56814.90597,27256.00148,57465.30885,98873.96099,50489.33966,103391.6799,92100.81027,116528.5124
SPRING BRANCH CENTRAL,46449.28942,59906.35798,49957.50533,78783.93181,18763.58702,19786.82226,96396.57242,82142.12887,56205.11527,31917.26588,56923.29514,68379.34664,73374.41638,93166.36336,22379.56365,36120.32885,58944.48379,88447.96074,45540.87161,9980.080892,7862.720652,82802.80272,0,91463.64615,73147.30149,5670.826776,34790.76502,21192.79873,62866.22862,13964.52565,52274.91193,78822.84595,26535.05452,41147.5297,41284.50261,68010.51534,48147.13792,52203.933,80670.32013,133421.1839,132967.8664,9233.39077,14803.59087,36031.71662,47375.65922,72744.15877,67551.18514,122713.2726,79318.78862,52330.96302,66323.83154,67842.27947,45129.36479,78098.05004,144685.9632,56271.70871,53197.77209,46417.16879,56620.02803,73149.47225,55530.91739,62253.15138,85143.71303,91593.14088,52844.52629,35775.58594,55591.13805,68534.45604,81817.60469,44944.32414,31333.66943,52527.24607,69189.02351,35941.20265,54698.62785,25261.76703,59693.4905,48927.47987,47081.32401,46523.80669,105405.6173,70928.44869,29243.87618,24628.59915,40336.03784,26765.89197,14380.3073,38710.75696
HUNTERWOOD,55572.44,40191.8296,47141.6806,28163.27012,82491.36951,85952.11881,71397.84608,57034.46048,148279.9869,67317.55727,36415.03793,29360.48607,21097.05682,14182.20418,68285.89441,55989.45124,32502.77664,81435.55786,44150.49043,80703.93677,101579.0799,8869.820283,91463.64615,0,18580.67782,84376.47227,54608.40799,72942.77295,27942.69932,104806.1087,39379.23756,16574.31108,70297.91797,53246.73422,67212.09831,31086.25858,113279.2794,75523.34661,67347.16303,86064.52159,71771.62646,93251.04225,106344.722,105308.3412,114314.4579,116104.7307,111388.5854,76448.0646,81455.90733,113016.4536,97901.68718,73289.15717,125382.7845,43724.76816,93466.34766,100722.0082,89505.85282,105242.0425,80380.5595,64026.65937,71094.47658,61162.25841,45681.69467,48060.69532,65693.88291,89573.74605,58019.81125,49993.68864,37277.98347,67730.20085,114478.9452,60705.88671,42334.50318,73347.51892,51834.05857,98049.03441,44497.07237,55120.56467,79450.09875,94434.19697,61708.43318,35113.43296,72880.70952,115118.4727,59813.37332,119495.8644,107860.7776,132300.9497
SETTEGAST,37722.69705,25787.5426,29035.16284,22565.02064,63577.34385,67080.21015,64883.02416,49379.10775,129448.4115,48381.31594,18019.47304,15719.05119,12145.46429,23959.54411,49817.05905,37374.17177,13949.76046,71712.66362,24716.20246,62252.90145,83408.00486,10692.34074,73147.30149,18580.67782,0,66305.79664,36299.62788,54758.25365,9516.724201,86205.58432,20833.64733,10581.60874,51509.93665,34417.58621,48362.05225,17526.85962,94821.47957,58962.39969,58848.97432,88164.95976,77932.45722,74750.98422,87761.3999,86489.81575,96314.96409,99788.5481,96209.39409,78386.26625,68722.41213,94897.53254,82148.36757,59160.50463,106588.384,38648.43259,99230.61719,83146.15668,72293.78948,86737.6297,63680.18077,52186.79568,54612.74336,46024.05446,41349.12258,45627.25616,50308.23148,70891.44058,43317.00235,39135.20974,34482.15939,49803.82921,95495.58296,44978.33741,33157.44597,54626.8249,38524.74835,79085.62641,33164.57522,39154.58542,61790.19966,76352.6632,62387.57143,25730.50878,53933.26864,96177.87152,41224.68037,100779.5754,89459.44452,113925.7877
LANGWOOD,42313.53763,55280.85069,45527.06289,73372.75941,26193.32782,16359.48913,96663.80297,81368.02423,64908.26811,28788.1234,50220.47556,61982.01483,66697.69383,85895.924,17089.75921,29077.12691,50908.34976,91162.32971,38204.92726,9471.881574,14212.40653,74818.53116,5670.826776,84376.47227,66305.79664,0,27310.18374,13537.04474,55041.66227,20033.01345,44331.64959,71216.91113,21208.29103,34087.85918,32510.64266,61078.63919,47864.8459,47883.2829,75936.87035,128520.4226,127045.3219,9785.404114,19303.55514,43884.67438,54397.67206,83705.01657,70329.20516,121310.7239,81023.91442,61680.24641,74680.63895,70729.67693,57731.09669,74252.71016,143404.5895,61256.27324,58268.74686,50286.98877,58618.58191,73909.53919,55992.51872,61796.17628,81322.03863,88476.27606,50080.07997,39686.37794,54980.08766,66607.5874,77507.39463,44535.19832,39724.63487,49366.08802,65579.35137,36181.82184,52407.3773,32223.16711,55989.03414,45188.63938,50377.4223,52096.28225,103642.5432,66232.82544,31045.18015,35466.39745,38282.51371,35059.53211,21147.322,45161.8704
INDEPENDENCE HEIGHTS,26257.16148,29905.63047,24975.91695,48033.94152,34460.76112,28233.37997,77272.00473,61056.78725,93505.24919,19338.78152,22081.32247,33170.95939,37968.45035,55725.68129,15004.40995,8666.102054,20347.14907,77428.11174,11054.26016,24627.48519,44545.53763,44193.14768,34790.76502,54608.40799,36299.62788,27310.18374,0,15751.6162,25133.82715,46662.95554,16261.66851,41899.4993,13971.71659,8482.867941,20039.02959,33970.76711,59824.3899,36659.26605,57204.93206,104671.363,101603.3259,35390.19594,49303.00711,58562.73131,70608.73571,86333.27423,78391.67047,97703.74488,69904.48868,72754.90394,72597.37067,59108.24894,77409.577,54694.42945,119833.6893,65338.45349,57512.52187,62319.45703,52888.4052,57474.20227,48133.6324,49118.18939,61331.9699,63882.30934,40324.22663,46644.00308,39487.14253,45628.83193,53575.99081,37423.1234,62797.5561,37552.63318,44517.59953,33796.45436,34787.3077,47829.72712,35578.94655,30084.26798,47163.80263,56671.81273,81177.5447,42514.86215,28028.96534,61338.64787,26520.24551,63880.30425,51139.363,75475.37979
CENTRAL NORTHWEST,34210.15126,42266.35447,36323.94001,63330.90075,24293.26257,13766.98012,81941.76156,65869.59426,73747.15202,16876.89071,37539.87736,48725.78073,55584.99051,62866.63453,8808.328355,10236.38447,35380.22732,78830.22192,26375.60344,11289.88042,30325.34204,57827.93458,21192.79873,72942.77295,54758.25365,13537.04474,15751.6162,0,39861.58538,32728.56006,32480.35447,54669.09478,10915.09962,16914.68017,23067.80756,43773.44563,49891.55352,38312.52697,60980.51237,109847.5031,107206.8076,17958.57133,36834.40367,46905.15805,62159.24708,81744.24715,74097.34107,102384.6023,73710.01733,63384.60655,69853.06333,60271.88774,64287.59637,65953.26597,124512.0839,61591.44739,54157.84862,53500.004,53245.27447,63629.45119,50476.61316,54379.35259,72955.45383,77214.59822,44656.17411,39571.29138,45713.85855,53483.43206,66600.27207,39529.73024,48313.08672,43089.59709,56907.16666,34224.33986,43805.39834,35888.60835,46589.91267,37750.38118,47152.95313,52339.88415,92373.32944,56769.34177,27321.892,44875.89908,30387.7776,44073.69915,30855.78044,52330.30105
TRINITY / HOUSTON GARDENS,34611.62668,27834.39561,26874.27255,26753.16062,52155.59827,53842.48469,66574.97057,51017.6417,115935.5029,35750.58537,15122.18721,17051.63713,15406.61393,28408.69888,38171.90277,24829.85009,8673.983944,73109.61101,17476.62341,49775.74221,71924.05671,16123.49339,62866.22862,27942.69932,9516.724201,55041.66227,25133.82715,39861.58538,0,73997.46769,9853.375494,12512.69015,38069.37203,21382.66726,40045.95087,10939.39476,81771.50512,46623.29945,51393.60278,84795.60769,76250.12599,60256.02027,78541.66115,75698.85594,91786.54213,97508.28306,93618.67347,80054.28005,69429.23793,86448.9212,78918.15559,59146.36546,95661.8599,43729.94631,101079.1981,78850.80453,69127.85766,78456.07258,61964.32636,53391.14115,53499.7356,46331.34491,47726.12341,48111.03398,48569.13718,62743.29435,44418.564,40172.23366,40285.38302,45060.75622,83152.65447,43314.23168,35936.83237,47470.9829,37524.49851,67104.02803,34118.74663,36819.54784,58919.7249,69262.59279,69060.86205,29846.35454,42774.39253,83006.94847,37062.22865,86790.67702,74822.28808,99203.58771
CARVERDALE,65047.10786,75374.31958,68325.45166,96052.69946,36394.66037,21101.65552,113734.3883,99239.93748,55840.06814,47740.29008,70661.57226,82443.84031,88096.60828,106163.0747,36741.21174,49407.49038,70845.31845,105902.6827,58728.36317,24719.65298,10377.22938,94329.57885,13964.52565,104806.1087,86205.58432,20033.01345,46662.95554,32728.56006,73997.46769,0,61922.6095,89384.41166,34130.67395,51108.7598,42957.48074,77219.85356,31792.28484,52608.86622,83799.52728,137196.7068,139010.787,9668.608276,5667.573108,51563.34081,60168.69832,91023.4289,83925.47639,139730.561,98505.6234,68461.96618,84479.80268,85712.30606,59247.92109,96972.95078,161759.1023,72671.3957,71622.66445,61926.55057,75689.78876,90925.16882,74779.63792,81611.10113,104042.8956,108996.3829,72163.3148,53491.65889,74567.38986,85264.54445,98569.83474,64271.39976,44956.10848,71731.62005,88043.87061,55115.84659,73816.94928,39574.51007,78173.02956,67827.52179,65786.44055,63511.19178,122832.0284,88982.56991,48507.27773,35086.15802,59311.75576,29116.16964,16291.92454,30283.65184
EASTEX - JENSEN AREA,36805.64129,33777.20402,31569.73329,38881.48287,47211.67067,40167.09193,75275.45988,59406.83638,110786.295,30975.47237,23514.16971,26309.25728,27289.38828,43013.48377,32450.26234,19592.63188,16520.52561,74498.03966,14906.10437,42196.36555,61351.60677,30697.84018,52274.91193,39379.23756,20833.64733,44331.64959,16261.66851,32480.35447,9853.375494,61922.6095,0,23539.98397,25801.06549,8848.102815,27842.39123,10296.09694,68928.80885,31638.05539,42445.2127,83540.79066,77889.20811,50518.56107,66597.03006,71272.58349,88305.41785,100617.2379,93976.71385,88350.64683,75952.54678,83231.06607,76639.16224,64909.34267,91124.61812,53983.1516,110320.4451,79451.64073,70640.95034,76295.13418,64437.21204,60850.62836,58297.51232,54131.87808,58741.94886,59568.62256,51411.17459,60263.28486,48953.39065,47370.23759,51100.5624,48001.90466,78265.16243,47045.43097,44962.76253,47550.95134,42151.46317,62329.61905,40196.79845,39557.29403,60479.46932,69763.75295,80013.05724,39933.10552,41493.89841,77942.25153,38064.08838,81562.48328,68490.16922,92386.56838
EAST HOUSTON,50682.44957,38631.78793,41747.20552,28308.19874,69354.26512,65553.94779,70869.83562,57421.87027,132064.3005,52086.07932,27093.82883,22262.47472,20158.12588,20717.27852,55391.58298,41914.15445,20930.65546,75794.92682,34489.72349,66781.03681,87980.92304,13296.01743,78822.84595,16574.31108,10581.60874,71216.91113,41899.4993,54669.09478,12512.69015,89384.41166,23539.98397,0,51387.62522,33986.72114,53508.46189,12721.81183,93999.41709,54101.76283,45939.36712,71026.62648,60917.95134,74731.00442,94154.90111,91920.87162,108879.968,111074.2887,109208.3956,79203.25327,77456.76834,101613.393,88085.50795,70102.0175,111906.4006,50187.63762,99224.90718,94485.77028,84042.60905,95299.27739,76332.0884,62592.19401,66957.3034,57222.05969,52169.17711,49724.43829,63398.2355,79820.43046,56222.87568,52188.76252,45124.64582,60247.99587,100427.282,58081.98558,45668.18677,64038.64549,51520.11469,83473.74155,45971.38082,52156.05053,74447.71157,85131.64991,72508.81338,38302.25303,59825.24641,99289.28378,53646.03293,102735.536,90150.74227,114501.0361
ACRES HOME,43115.55361,48240.74922,42983.58521,66052.89636,35058.2499,8874.506623,91387.34184,74995.88466,82628.20831,29357.14075,40680.86731,50445.5362,55280.86472,69534.226,21638.24225,22227.61838,36058.87933,89674.3623,27696.01985,22572.7968,34212.68603,56967.78931,26535.05452,70297.91797,51509.93665,21208.29103,13971.71659,10915.09962,38069.37203,34130.67395,25801.06549,51387.62522,0,13109.11059,11816.68912,39081.589,41172.09482,19896.79902,47981.15605,100988.1592,101006.8869,19367.42531,39134.41176,57731.22396,75430.50567,94818.24859,88334.17639,112411.0475,85049.88812,74625.85903,81021.78089,71985.69926,73280.44499,72968.57148,134566.0151,75557.26002,67819.42766,67664.1432,66039.25613,74064.27111,62932.79107,65340.78555,79670.65739,82421.51013,55948.30913,53412.32782,55955.77078,61216.98903,72115.15586,52197.48974,59791.36292,53675.73153,62991.41365,47683.67261,52268.30482,49671.73334,53663.56137,46992.4196,60732.80759,66609.66832,99503.31466,61104.25404,40794.24944,54934.1504,41731.83381,52841.20754,38022.62086,60643.0965
NORTHSIDE/NORTHLINE,36981.4102,38421.09394,34608.78768,51373.05941,41477.98722,26539.14377,82370.11144,65550.20027,96959.54525,30271.71338,29159.67189,36780.65197,39905.85624,49506.10873,25543.0794,18562.52984,23063.03788,79903.05141,17309.25169,31884.07451,50080.24814,41178.89317,41147.5297,53246.73422,34417.58621,34087.85918,8482.867941,16914.68017,21382.66726,51108.7598,8848.102815,33986.72114,13109.11059,0,16632.89398,22751.14056,57783.8764,22065.17527,39012.08047,87720.44977,86520.52029,36379.08375,55909.73666,65671.47907,81280.12947,96714.57906,89767.86032,95024.78063,79058.11653,78815.06878,76395.14133,67077.96241,84185.20541,62305.62647,116881.8345,75860.20455,67379.49306,70528.80326,63222.79661,66095.7534,59269.44781,58981.77882,68207.91845,69891.16977,51348.31887,54915.82644,50142.52821,52282.92009,60376.75217,48358.9147,68664.81201,48268.30434,52205.5847,45260.66173,44718.35815,54789.914,44588.50682,40636.88687,58604.08305,66437.64697,88746.94957,48848.09383,38373.76342,66151.72865,37346.92293,67102.91905,52836.5485,76533.00977
HIDDEN VALLEY,49156.27757,54905.78949,48153.87343,68244.53239,51605.9552,22165.60928,102421.1637,86208.83891,100982.2613,40568.66361,46283.62014,56660.21154,58843.43019,75285.47404,31224.33273,31763.92178,41242.70871,101847.983,36121.43323,35784.44015,47399.40174,60791.90583,41284.50261,67212.09831,48362.05225,32510.64266,20039.02959,23067.80756,40045.95087,42957.48074,27842.39123,53508.46189,11816.68912,16632.89398,0,38668.19369,43929.73258,16257.84186,42791.002,95277.50568,96709.68702,34798.69069,48037.2104,74778.86701,86293.76523,107410.8903,97054.73616,122367.4045,93604.05181,90908.6015,94463.14389,82839.73647,91976.93763,76648.28777,144442.521,85470.74738,78836.86868,79789.14509,75360.29841,82201.08504,70356.17564,72018.83181,82657.18676,88384.27812,62918.59634,65065.74282,63483.92776,70798.17454,75320.15585,59845.57982,75483.73199,60347.92267,66566.41077,55594.5743,58336.96776,62892.29449,58346.52449,53013.14345,68724.48948,76567.88376,105002.9382,64287.10958,48399.14553,72101.80448,49543.10635,71595.75071,56580.95134,76865.02754
EAST LITTLE YORK / HOMESTEAD,50082.12438,44012.66013,42896.06514,39331.01096,62833.52989,54440.34192,82430.91722,66823.60784,122840.0663,45116.25848,30870.9005,32692.54052,29020.51379,37559.54071,49496.37901,35685.40571,24593.18064,88205.22442,29071.27809,58900.18309,76733.67536,26881.07686,68010.51534,31086.25858,17526.85962,61078.63919,33970.76711,43773.44563,10939.39476,77219.85356,10296.09694,12721.81183,39081.589,22751.14056,38668.19369,0,80266.93328,40906.55889,29373.76216,64438.43159,60167.96101,62949.70899,82139.95339,85893.57545,105204.1538,113652.9518,108949.7905,94747.73658,83964.08873,99351.95532,91827.16172,74755.22084,105474.6502,58776.31079,114961.634,94211.60479,84915.8412,92583.34191,77808.3572,68576.74377,69701.36697,62403.15176,62024.53752,62635.75643,64452.09892,76556.80361,60697.45217,56343.96319,54909.99275,60889.64559,94186.47352,59298.8319,51717.47935,62349.15739,53642.17071,78024.28825,50374.60426,52452.21203,74486.88792,84536.30557,83197.74975,45164.19386,56902.20206,91532.90324,52099.04015,93164.34755,79704.21066,103801.8765
