,FOURTH WARD,SECOND WARD,DOWNTOWN,CLINTON PARK TRI-COMMUNITY,GREATER UPTOWN,GREATER INWOOD,GREATER HOBBY AREA,GOLFCREST / BELLFORT / REVEILLE,ELDRIDGE / WEST OAKS,WASHINGTON AVENUE COALITION / MEMORIAL PARK,GREATER FIFTH WARD,DENVER HARBOR / PORT HOUSTON,PLEASANTVILLE AREA,NORTHSHORE,LAZYBROOK / TIMBERGROVE,GREATER HEIGHTS,KASHMERE GARDENS,MINNETEX,NEAR NORTHSIDE,SPRING BRANCH EAST,SPRING BRANCH NORTH,EL DORADO / OATES PRAIRIE,SPRING BRANCH CENTRAL,HUNTERWOOD,SETTEGAST,LANGWOOD,INDEPENDENCE HEIGHTS,CENTRAL NORTHWEST,TRINITY / HOUSTON GARDENS,CARVERDALE,EASTEX - JENSEN AREA,EAST HOUSTON,ACRES HOME,NORTHSIDE/NORTHLINE,HIDDEN VALLEY,EAST LITTLE YORK / HOMESTEAD,WILLOWBROOK,GREATER GREENSPOINT,IAH / AIRPORT AREA,KINGWOOD AREA,LAKE HOUSTON,FAIRBANKS / NORTHWEST CROSSING,WESTBRANCH,SHARPSTOWN,WESTWOOD,FORT BEND HOUSTON,FONDREN GARDENS,SOUTH BELT / ELLINGTON,SOUTH ACRES / CRESTMONT PARK,BRAYS OAKS,CENTRAL SOUTHWEST,SUNNYSIDE,ALIEF,PECAN PARK,CLEAR LAKE,WESTBURY,WILLOW MEADOWS / WILLOWBEND AREA,BRAEBURN,SOUTH MAIN,SOUTH PARK,ASTRODOME AREA,GREATER OST / SOUTH UNION,PARK PLACE,MEADOWBROOK / ALLENDALE,MEDICAL CENTER AREA,GULFTON,MACGREGOR,GULFGATE RIVERVIEW / PINE VALLEY,HARRISBURG / MANCHESTER,UNIVERSITY PLACE,WESTCHASE,MUSEUM PARK,LAWNDALE / WAYSIDE,GREENWAY / UPPER KIRBY AREA,GREATER THIRD WARD,MID WEST,GREATER EASTWOOD,MIDTOWN,BRAESWOOD,MEYERLAND AREA,EDGEBROOK AREA,MAGNOLIA PARK,AFTON OAKS / RIVER OAKS AREA,BRIAR FOREST,NEARTOWN - MONTROSE,MEMORIAL,SPRING BRANCH WEST,ADDICKS PARK TEN
FOURTH WARD,0,12282.85609,3863.054466,35043.20941,26272.84308,46790.63993,51679.02723,35872.94143,81939.30254,6957.818214,13576.61484,23707.169,31166.9362,45742.88409,18197.37451,10846.83792,19962.66287,49941.30355,10788.51652,30145.48173,52142.38793,40612.83762,43550.85236,53125.80609,35146.89213,39771.1541,22063.14244,27646.48488,30067.13804,59041.44837,29405.52162,44619.1162,37320.18034,29832.25505,46523.73392,43665.69387,82951.52455,62281.58745,73699.66546,114069.8094,97554.41778,48838.54403,60286.10006,43925.52163,57467.04551,62932.91847,57999.77649,70140.45983,42878.63925,53638.92673,42793.85625,31040.53506,64843.31563,31176.69718,94637.08872,44750.28806,34155.9583,45366.11576,28169.33155,30961.88848,21441.28157,21651.51539,37827.38865,45387.72404,13835.39509,31986.7331,14535.37694,22946.90353,34904.77696,11436.72695,54790.93724,8219.237671,22477.29986,14217.95761,9277.343932,37799.8568,12931.71351,2711.434635,24025.38842,37116.43278,60309.80947,24234.11485,12689.15825,56115.81273,3405.784158,55777.32177,53035.90208,73756.70931
SECOND WARD,12282.85609,0,3667.214526,12796.67819,37972.66158,53677.64558,37677.06819,21557.74274,93527.75699,17750.46861,3635.765862,5355.143889,12792.00257,25043.2664,27737.13434,16490.39899,14178.56459,41891.86342,8940.362679,40371.45327,62904.19849,23341.4308,54535.43576,36999.6657,22010.77811,50018.39744,25680.75962,34254.79005,22416.48846,70037.73514,26058.79207,32384.05774,42819.46135,30179.32908,50823.92715,37904.07545,89500.72883,63429.36104,70664.38492,108133.0291,84742.32356,57392.57724,72709.41878,55356.69885,68601.47858,69066.42832,66096.51937,53760.50472,39085.0574,63226.63056,46745.78944,29584.7607,76257.34617,14677.67197,76514.76844,53228.78206,42069.35649,55936.04758,33237.58665,23527.18857,25489.11677,17317.01271,21089.57549,26142.022,19478.32666,43469.44526,12761.77209,10010.10705,14812.6333,20436.87143,66539.56768,14636.58216,5173.135676,25660.02124,7051.544754,49510.07174,2022.532099,9263.657801,32356.04067,46634.42319,42660.88472,3508.112174,24329.28619,67706.13349,14798.41145,67166.30467,64044.1288,84697.25279
DOWNTOWN,3863.054466,3667.214526,0,25706.20124,29885.51799,47979.82563,43090.29772,27016.09766,85521.88124,10436.56682,4699.09246,14104.28596,22763.97821,35853.72011,21353.92234,10903.79657,12560.40887,43404.11733,5663.810663,33627.86788,55674.14603,30737.49498,47138.12649,44451.30201,26136.94302,42863.52067,20715.61965,28537.35186,21960.69329,62328.98467,23834.43324,35702.85739,37483.98181,26799.42111,45125.74837,36496.65981,83882.46721,59921.3249,68524.14711,107325.1234,88805.88253,51404.05541,63873.62662,47510.63788,60998.26311,64733.57678,60686.90404,61194.41754,37630.47264,56780.3905,42908.40383,26733.69881,68428.88709,23133.79115,85504.65496,47509.99591,36685.4462,48748.84896,29109.86768,24265.7903,21445.52789,17162.45008,30143.14319,36094.89586,14525.41704,35566.21404,10168.35006,13922.81243,25488.90102,14014.20063,58423.85577,8728.738477,14101.92552,17748.34195,3573.933618,41408.29928,4134.173258,2797.550913,26610.97937,40195.81966,51181.64953,15025.70262,16259.81794,59655.33768,6755.565309,59345.45378,56726.53237,77441.99112
CLINTON PARK TRI-COMMUNITY,35043.20941,12796.67819,25706.20124,0,60645.81201,73257.81616,31711.75116,19457.23857,115254.475,39864.71497,16346.17042,5037.801618,2285.172033,8897.704546,49731.61875,37192.53566,18569.52717,40897.21494,28172.13227,62434.26729,84641.23427,14164.97677,76458.70997,23725.04108,18388.3909,70520.08746,43816.85964,54617.61274,21909.77976,90656.63237,33302.93118,21970.01548,60810.45793,43343.07801,64218.85554,35207.59258,107292.7098,71928.26299,69020.34533,98290.29738,70983.79806,78510.96336,93670.22735,75563.84999,88938.95017,81888.89025,82310.75365,42845.45027,42449.40616,81302.08806,57660.37016,37220.77625,96351.07963,11080.48181,61574.64333,70536.63361,59314.76441,75236.92659,49016.97237,28148.34632,40760.14712,26737.99308,12019.99181,11298.31408,38148.40716,63801.89039,27356.70727,17326.39977,5171.572022,39985.0868,87796.12337,35516.93357,10328.5545,46522.33138,23629.5525,70859.1963,16250.45815,31459.14353,50514.24533,65062.88017,32617.7916,4946.673585,45964.25514,89439.98968,37331.69978,89289.08373,86235.23239,106854.1109
GREATER UPTOWN,26272.84308,37972.66158,29885.51799,60645.81201,0,30074.19988,65405.80636,53314.746,43587.35532,5601.306248,37956.53743,48570.23844,57972.55669,70308.16918,12496.09316,18366.88294,40236.18531,58477.56245,32409.89275,6618.680698,21722.60797,63550.45912,13793.8803,78123.46669,59189.18825,20043.50082,27902.53644,17293.25769,47401.77918,31233.02889,42042.63558,63555.30863,28145.50899,35045.89871,44565.09112,57152.06208,64480.30911,57513.87462,77564.81329,121394.4128,112285.8064,23748.8293,33043.37719,12452.4859,29501.64686,47044.41593,40871.66156,86733.19872,50801.13686,28081.67992,35141.59242,38714.65544,30437.74639,54477.01352,112386.9341,29163.5564,24248.08192,20004.36085,28175.14161,44657.62038,27496.49053,35740.85639,61190.72168,67571.15314,26586.73454,7667.73135,30732.2047,43859.64334,59347.5869,18529.2969,20015.06735,27307.47845,46522.30358,8288.861121,30773.52711,3618.839753,37643.22964,26687.18123,18324.99978,19560.53819,78645.22798,49671.72091,4420.038918,18956.82417,18496.82784,18936.88702,19395.24,39642.79993
GREATER INWOOD,46790.63993,53677.64558,47979.82563,73257.81616,30074.19988,0,96145.07833,80410.47935,61456.19576,29242.34464,47590.62001,57557.88491,62986.12336,75069.62543,19321.90108,25745.75444,43616.58839,92818.81128,35310.3051,15721.83595,19053.09049,65979.27803,14596.97663,78566.89404,59777.61348,11064.24291,20769.38668,6797.177897,46258.80834,16522.1423,33847.81079,59626.61196,3555.973688,19811.62472,17326.74195,47365.58177,24738.3221,22746.19351,49384.71975,94373.71277,97289.63438,4218.783244,21705.46259,52493.98832,66772.17455,89970.0523,84018.09816,114597.8694,86880.04469,69385.78632,75821.45283,73401.83781,63818.27608,78053.26062,138569.1068,72499.35582,65709.41488,62783.22165,65851.30052,76762.8799,63398.03936,67518.43638,84998.83046,88592.38383,57799.87883,50459.42861,58729.51602,67469.12332,78005.70254,52227.53697,50686.36443,56162.19505,68617.53385,46141.70809,56313.61627,42936.47041,58584.07666,50522.70047,58932.87305,62672.19631,104636.31,67453.69697,39227.24115,44394.97363,43473.48849,37625.67957,26223.41204,38094.93877
GREATER HOBBY AREA,51679.02723,37677.06819,43090.29772,31711.75116,65405.80636,96145.07833,0,4674.00907,111678.4985,53642.28531,44692.97146,37190.53437,41207.98228,45077.83645,67037.34036,58534.35877,56317.91299,5267.180764,53689.37639,75414.60147,98365.9081,55597.03994,90132.86233,64058.26118,58420.28031,90218.44084,70738.90069,75871.87195,60120.42902,107430.3582,67977.64364,64411.25776,85633.15533,74085.47713,95867.65161,75902.55746,133027.9299,107108.2695,110014.1534,140523.3233,110597.3045,96715.92491,109638.9203,69509.95367,80424.00814,55236.63494,64892.9112,6955.990705,13586.33579,66514.13968,32333.85084,18657.88257,86516.56175,21707.49102,32688.12548,56376.57281,47996.25924,67728.9434,37980.41894,12851.06991,34286.83714,24497.86143,15939.48484,9707.309824,40157.03756,64205.86014,31024.44072,21516.87933,25737.05038,46058.93675,86306.3962,42700.57748,26996.48827,53144.43392,32256.5541,69320.47647,34475.98486,45105.87752,46518.45854,54995.36007,8391.996062,30665.13949,56007.31595,88969.53044,48118.05597,91623.05216,92988.985,113056.6875
GOLFCREST / BELLFORT / REVEILLE,35872.94143,21557.74274,27016.09766,19457.23857,53314.746,80410.47935,4674.00907,0,102962.0809,37712.52149,28543.86575,22328.65728,27157.00883,34900.04232,51434.35502,41749.19981,40740.55609,9067.181199,37313.58506,60813.7288,84528.61281,41741.87638,76127.00186,52598.29262,43527.51576,74995.85271,54364.9524,59383.62667,45135.29794,93141.15817,51919.3527,50981.37572,68893.79808,57348.30881,79514.2183,60895.6884,117079.8225,90557.63373,94953.65404,127684.8579,100112.7729,81660.40874,95491.4738,60203.51175,73282.09154,55517.97709,61103.13597,18182.06352,12774.95116,61138.92938,31765.84521,12978.18346,79889.54364,7754.569332,44508.80765,50156.71203,39048.50749,59536.22895,28339.9306,4442.453746,23817.33962,9793.862646,5591.025795,5508.427098,27780.19601,52972.904,15205.38815,5693.709789,13245.9079,32600.50613,76201.81172,28809.04687,11093.97885,39477.75964,16343.73143,58556.21941,18216.73469,29832.26628,35323.3161,45917.39777,13477.88661,16389.98524,41746.5941,77988.26601,33437.49776,80261.97216,80293.03242,100806.116
ELDRIDGE / WEST OAKS,81939.30254,93527.75699,85521.88124,115254.475,43587.35532,61456.19576,111678.4985,102962.0809,0,60096.21917,93550.38699,102866.9913,113637.7671,120410.9292,61873.41098,68078.4902,95033.49534,103489.3664,87460.59011,48948.26741,35511.96899,116969.4704,41225.11882,133132.4468,114322.1511,50383.16331,78349.93388,59310.94519,100755.9855,43399.52326,95568.61289,116844.5578,67972.91072,82073.09742,86479.81928,107649.0102,75677.30775,91174.75494,114602.4001,159735.1305,157246.2183,46183.9396,38293.86164,29954.41913,34210.85786,63326.53239,59584.06244,127646.0309,92548.24236,42153.82925,63329.49589,86883.68895,16286.65234,108324.5124,158743.2504,55151.62976,63742.70104,42015.32821,71999.70378,94307.80984,74978.62394,86734.58396,114554.1005,119898.1227,75794.98958,47437.58618,83449.83423,97392.72892,112764.3703,71766.52625,17446.08452,80808.81453,100528.7768,58748.1559,84969.97377,33103.1185,92686.51914,81609.62623,64129.78899,51581.3699,129326.4222,104613.5997,58669.55882,12082.31061,73979.2757,8263.344023,18106.88538,11776.19553
WASHINGTON AVENUE COALITION / MEMORIAL PARK,6957.818214,17750.46861,10436.56682,39864.71497,5601.306248,29242.34464,53642.28531,37712.52149,60096.21917,0,17288.21677,27372.17982,37262.87549,44116.543,4118.463294,4153.344527,19593.70989,52957.04645,11579.22279,7369.691005,30823.71183,41083.13363,22419.01353,57332.21112,38384.79239,22203.66229,15812.28754,13530.81725,26952.10095,39050.90595,23450.30206,43141.07834,24398.91273,23635.6795,37397.82915,38131.00909,66441.96809,53054.37343,67734.06248,108279.0907,92618.77118,28120.02071,41452.1774,27271.04636,45547.05293,59614.35436,52694.48281,71570.05337,46298.59434,41610.62213,42024.01925,34633.38034,46756.14481,38594.89413,95536.46755,38939.76241,30715.16483,33769.7023,29384.31257,35598.37156,24513.58997,26864.09408,45666.44401,50706.59586,17998.574,18097.74032,17866.78456,26051.60137,40518.7487,13621.55858,35140.37439,15572.15699,29661.97594,9641.760193,15958.65798,18524.6415,20043.42947,9762.708405,22691.21826,29754.0157,64646.7515,31065.21935,3248.964222,34241.055,4536.299381,33349.28211,30189.20608,50797.30682
GREATER FIFTH WARD,13576.61484,3635.765862,4699.09246,16346.17042,37956.53743,47590.62001,44692.97146,28543.86575,93550.38699,17288.21677,0,3327.978509,11705.47464,23789.6317,25772.61258,12232.3453,3372.669199,48723.44824,4111.094016,38368.62307,60437.01082,16710.22484,52381.45443,32372.44232,14028.32935,45819.04264,17969.6976,28644.64434,10381.19149,66262.31744,15861.46181,21139.33907,35351.1828,20690.68539,42322.06555,24899.20609,82318.73739,53733.34611,59485.58505,95086.99447,74183.22216,52623.57764,69296.4175,56971.69551,71915.09469,73352.2092,71017.11938,60522.13734,45161.69582,66122.01008,51439.37372,35125.7763,77815.72588,23505.42464,82732.78144,56545.30158,45828.45513,58286.53097,38312.10237,29723.57685,29855.17086,23041.33547,29624.003,31969.35372,25254.38572,45083.58504,20029.83848,16589.06684,21800.36868,23173.26999,67147.8896,20005.44666,13662.88895,27273.75976,13576.57208,50140.85193,9746.020062,14143.04423,36349.3666,49512.55821,49917.58186,10731.06823,24935.32486,67748.78138,16872.5857,66805.62184,62883.41121,83062.57501
DENVER HARBOR / PORT HOUSTON,23707.169,5355.143889,14104.28596,5037.801618,48570.23844,57557.88491,37190.53437,22328.65728,102866.9913,27372.17982,3327.978509,0,2631.748447,15695.25438,36958.45554,23427.57169,6502.299787,40470.23335,15332.76822,49541.53733,71786.32393,10553.45517,63758.38686,25012.99488,9171.326403,56847.00575,28084.33855,39622.61666,10250.82044,77233.46333,19839.1255,16322.0596,45133.2889,28331.71358,50884.05513,25918.22803,91770.12446,59501.78585,58754.56909,91625.45438,69032.17803,63688.83976,80472.15671,64205.59194,81284.98014,76667.04907,77689.28476,49160.61001,41467.40996,72659.34829,53666.54371,34655.89825,85110.63389,15722.84683,64282.31375,63634.0968,52217.79217,67036.0652,42758.57617,26793.71638,33784.89948,22974.79124,20098.57728,21217.99172,32181.10751,53073.99525,20814.45555,16097.29327,12535.03977,30283.63171,76771.94897,27644.94482,8969.514129,36630.77949,18706.64099,58662.63961,11493.98134,22274.91336,44005.52601,55210.68706,41346.07793,2892.397569,34564.565,76983.55511,27099.89539,76674.99444,73701.12921,94086.68837
PLEASANTVILLE AREA,31166.9362,12792.00257,22763.97821,2285.172033,57972.55669,62986.12336,41207.98228,27157.00883,113637.7671,37262.87549,11705.47464,2631.748447,0,10201.25988,45010.55332,31158.24374,8082.332698,48976.65571,22462.47098,57478.44037,78770.04475,5622.935281,70759.41322,17973.9137,5608.54228,63413.22521,34088.7413,46192.60235,10472.39025,83368.30773,21815.6015,14045.20673,49969.11847,32036.51867,53599.58152,22576.49824,95915.02278,60317.62043,58172.36353,89946.578,66391.87553,70112.36822,86995.51953,75954.49289,88798.4582,84595.48651,84864.22562,52798.01598,48434.81828,82083.38659,60809.65731,41220.67077,96755.49187,19428.54656,71372.91122,71406.90379,60167.08952,75821.17072,50005.56526,33138.42673,41830.20094,28901.63568,21808.26716,21451.8529,39147.51051,64172.65959,28278.22434,23787.46835,15011.44556,40449.8474,87361.35511,34875.90007,15586.27809,46601.55941,25365.41655,70330.89801,17636.0778,29581.61254,51224.8682,65783.80147,42873.6032,8730.914239,45094.68083,87888.62449,35063.39675,86609.08674,82152.48279,102055.8032
NORTHSHORE,45742.88409,25043.2664,35853.72011,8897.704546,70308.16918,75069.62543,45077.83645,34900.04232,120410.9292,44116.543,23789.6317,15695.25438,10201.25988,0,56794.18998,43216.40157,18762.27075,54835.90827,36986.39912,69388.928,92960.12819,4029.35896,85023.74648,10147.27295,14557.17764,77128.04259,46617.9104,53963.64482,19004.3671,97151.21335,33823.90649,14560.93073,60149.07464,40161.57874,65694.15253,28519.17992,107140.9815,68940.71763,62998.10655,86243.45129,54577.80489,82258.3392,100979.803,85357.72071,103247.4145,95207.8398,98280.66421,47764.83325,57852.95282,94196.86449,70503.641,52615.96591,105977.2931,27754.56841,59768.22343,84392.77659,72799.77729,88888.93888,62916.78373,43815.38057,54075.24679,40857.34615,27160.98589,21428.12717,53066.48046,75185.93404,40417.31911,34489.66598,20104.74945,51927.96468,98979.33793,49155.07474,26837.07855,58688.75465,38907.39327,79378.03714,30953.52299,43951.20026,65013.61261,76166.45991,44393.51297,21225.27564,56674.33662,98287.97583,49301.39195,93863.57126,91690.28898,109125.5645
LAZYBROOK / TIMBERGROVE,18197.37451,27737.13434,21353.92234,49731.61875,12496.09316,19321.90108,67037.34036,51434.35502,61873.41098,4118.463294,25772.61258,36958.45554,45010.55332,56794.18998,0,3552.65125,25596.06605,64376.11723,18354.91071,4189.793407,25091.36991,49773.68117,17318.87784,63660.18189,45024.30212,11010.31905,12155.50411,5074.003972,33459.177,30783.93879,26940.92281,49566.9922,14942.62394,20630.8983,28437.6022,43668.93722,54772.87601,45305.27237,65375.12875,109324.8901,98999.07532,18703.29523,33575.70847,37745.71805,51607.78306,69092.70195,60687.82288,85754.10803,56913.01839,52690.51034,52404.43327,44823.95799,55122.01222,50114.41413,110274.4268,47616.17381,40413.08904,43121.4857,38850.41118,46831.29718,33734.60135,37548.73008,57203.11485,61981.74656,27793.26612,27651.35477,29007.00539,38614.29496,51594.01861,22822.26518,40817.73061,26318.76402,41203.20743,18219.85155,27662.06386,27412.89905,31203.00632,21329.75281,31242.58927,38272.58233,76328.3859,42018.10837,11599.32626,37928.93927,13548.76332,34054.41826,28211.88469,47838.64485
GREATER HEIGHTS,10846.83792,16490.39899,10903.79657,37192.53566,18366.88294,25745.75444,58534.35877,41749.19981,68078.4902,4153.344527,12232.3453,23427.57169,31158.24374,43216.40157,3552.65125,0,12571.79262,58209.67913,4553.582571,14554.84354,37879.36143,36661.88086,29947.28073,49893.95082,31216.22206,22958.48097,4711.221074,5289.634291,19918.51562,43330.56153,13392.16486,36166.81162,15737.97791,11502.86181,27491.70268,29807.20136,61893.59431,43893.5735,55769.68134,97437.97955,85538.92798,28916.83897,46406.29872,42826.96866,58083.03655,71255.7096,64426.0382,75419.62692,52772.66765,56116.11229,51024.24578,40339.34908,61251.20727,40623.53616,99003.22915,50165.608,41490.40205,46776.78229,36662.42761,41310.9928,32382.98335,33148.93275,47528.35517,51223.38259,24530.35608,31648.81648,23675.1956,28615.48387,40641.67141,21497.94117,47530.94768,21641.76019,31146.13468,19044.17712,19597.24921,33222.2428,21294.91162,14538.749,32099.54421,40604.76963,67166.77019,30538.42122,12749.54842,45527.10706,10572.43756,40283.42917,36835.73146,54007.72385
KASHMERE GARDENS,19962.66287,14178.56459,12560.40887,18569.52717,40236.18531,43616.58839,56317.91299,40740.55609,95033.49534,19593.70989,3372.669199,6502.299787,8082.332698,18762.27075,25596.06605,12571.79262,0,61858.81952,5492.860518,37834.91373,60879.13533,10686.10838,52761.03275,26271.17127,7727.739084,44707.93396,14293.84253,26031.7446,3552.872498,64734.78698,8926.30219,15015.07221,30722.60403,14424.81831,36502.52216,18390.06374,77415.03676,47043.03571,52603.67734,89050.72257,67758.95137,49948.96245,68557.76332,61459.78782,77742.48866,83120.71432,78996.85226,70318.5403,57551.06142,72757.61978,61365.38142,46639.76577,81962.48909,31644.52147,89707.0559,64263.12674,54551.02994,64181.28528,47405.1112,42746.55314,39677.94358,35104.45434,36373.37913,39378.89524,34028.7378,49756.40556,30291.63499,29795.28582,28706.64547,30875.96084,70027.62576,28875.66815,23892.91265,32961.83746,23236.1549,53367.4071,20220.38461,22217.42858,44281.74179,56423.52269,58338.84782,18341.96531,28956.68661,69645.81587,22504.47706,67676.4757,62570.15416,82237.64766
MINNETEX,49941.30355,41891.86342,43404.11733,40897.21494,58477.56245,92818.81128,5267.180764,9067.181199,103489.3664,52957.04645,48723.44824,40470.23335,48976.65571,54835.90827,64376.11723,58209.67913,61858.81952,0,55135.34473,70114.58883,91272.81675,63731.70556,83460.97907,74705.86336,65192.60115,85856.93892,71781.09515,73259.57315,66684.51369,100913.5802,67898.75823,69165.0405,84091.82006,72622.40689,96242.6076,82161.04958,130164.5008,105098.9573,110266.2556,144482.1529,117647.8371,91509.59353,102809.0428,59306.01417,67626.8078,38818.30085,50820.63533,24411.64265,3091.903898,52929.20244,20289.58039,10881.83966,74239.84938,28648.76454,48812.74545,43362.32501,36873.27445,55735.0553,28124.4883,9484.414729,25856.98928,23326.49387,25753.39399,23609.74387,33757.57618,53667.96036,30794.88796,25517.79596,35257.75699,38162.82609,75496.17671,38475.38835,31681.22815,47225.28518,33472.74122,62843.79434,36695.8377,43047.97437,37013.12745,44247.68805,23923.56668,37938.39135,51164.94032,81579.00461,44470.97568,86162.78444,87735.05389,107596.0441
NEAR NORTHSIDE,10788.51652,8940.362679,5663.810663,28172.13227,32409.89275,35310.3051,53689.37639,37313.58506,87460.59011,11579.22279,4111.094016,15332.76822,22462.47098,36986.39912,18354.91071,4553.582571,5492.860518,55135.34473,0,29724.69927,50870.5348,29892.12808,42748.23542,41612.94083,22012.41154,35148.3511,5982.902948,17069.61186,12551.89053,55336.07267,7498.217224,28756.48722,22363.57068,9456.716297,29922.71557,22930.94046,69777.02409,42424.34629,51892.91961,92074.50323,78705.14422,40805.87111,58913.84262,52802.48568,67578.10018,74764.46619,69471.7253,70559.71548,50307.10324,63521.89645,52230.79307,38919.48542,73453.01115,33537.28789,93496.84546,54837.15357,45457.98505,55015.80166,38485.39468,36570.71564,31954.0326,29638.1585,40126.55966,42930.97599,25228.85441,41015.33996,22561.80781,24288.09495,32444.35222,21760.40904,61988.61984,20665.95461,23334.57129,23640.30897,15945.87486,45135.13229,15055.87635,13303.17507,34979.27699,47093.41683,59982.88677,21850.56184,20299.57019,62111.07415,12837.40461,60220.36482,54237.02568,73461.80234
SPRING BRANCH EAST,30145.48173,40371.45327,33627.86788,62434.26729,6618.680698,15721.83595,75414.60147,60813.7288,48948.26741,7369.691005,38368.62307,49541.53733,57478.44037,69388.928,4189.793407,14554.84354,37834.91373,70114.58883,29724.69927,0,12866.46032,62079.69302,5007.375131,75812.53247,57335.53182,4145.85644,20018.11315,6078.154466,44752.79614,18968.57419,37405.10111,61078.10963,16489.6378,27411.68291,32203.89238,53552.25612,48334.43854,45205.80262,68975.59801,113610.9818,108001.8607,8921.49939,21566.83502,29701.9026,44644.75699,67023.47189,58628.81425,95035.36969,64247.07542,46624.0894,52200.10443,51029.16705,44602.80618,61771.53831,120321.6773,46929.79183,40510.11537,37549.29629,42034.47746,55788.14465,40401.46445,46434.13057,68822.32029,74026.44847,36922.19636,25119.24424,39247.47912,49263.33909,63825.98554,29443.60027,30171.17353,36406.25875,52871.31171,21439.26878,38510.94027,19357.3132,43342.33221,32648.66177,33853.40322,37261.71388,87440.82498,54302.29421,14451.90819,26177.11547,24122.47525,21162.84017,14889.65165,34565.08394
SPRING BRANCH NORTH,52142.38793,62904.19849,55674.14603,84641.23427,21722.60797,19053.09049,98365.9081,84528.61281,35511.96899,30823.71183,60437.01082,71786.32393,78770.04475,92960.12819,25091.36991,37879.36143,60879.13533,91272.81675,50870.5348,12866.46032,0,85362.40454,2970.1098,96833.71543,78460.90325,9407.489567,39695.92566,20989.56624,66457.94478,6581.487647,56788.79181,82600.37221,28765.50651,44315.51482,43940.77335,72072.23696,41927.82125,51831.18708,78769.08798,123958.1751,124337.6291,7037.212489,3402.874363,35486.53706,45728.11593,76783.15864,67864.5207,118672.5007,83239.34831,53238.14137,67071.20989,71258.2832,41984.80507,83696.95534,144105.2457,56623.89153,55956.73638,45912.2364,60463.71155,76504.67812,59743.83249,67171.44551,90719.18025,96219.98099,57953.97011,37656.23585,60704.01142,72856.87562,86094.5175,49696.29307,29088.00347,57825.29856,74798.74005,40182.9276,60111.36148,25715.84063,65419.21172,54514.06385,50306.49182,47669.85601,109928.317,76384.88633,33863.29792,21527.46307,45874.06068,14494.37743,2933.783707,14803.03249
EL DORADO / OATES PRAIRIE,40612.83762,23341.4308,30737.49498,14164.97677,63550.45912,65979.27803,55597.03994,41741.87638,116969.4704,41083.13363,16710.22484,10553.45517,5622.935281,4029.35896,49773.68117,36661.88086,10686.10838,63731.70556,29892.12808,62079.69302,85362.40454,0,77028.05672,3337.238054,5416.863256,69002.12,38354.24703,48401.39206,11024.31156,88725.87365,25420.07079,6557.327403,51658.95989,33550.97417,56219.46491,21534.94386,97607.49699,60832.78169,56238.88304,79533.26157,51066.70191,73836.74751,92844.45588,82107.14836,99260.45321,97369.03654,96887.28035,65592.97373,62967.10937,91624.65889,74039.62343,54863.59961,102869.7072,32579.95951,81273.0288,82422.69805,71286.64107,85144.67386,62514.37473,47516.75171,53896.90402,42536.83252,34071.47334,34716.7916,50838.76875,70522.51218,40798.71195,37083.6231,27009.09034,48673.58988,93321.75611,45935.62378,29040.03314,54051.85324,37706.94285,74785.98158,30453.91481,40298.91415,62608.73116,75030.21336,54153.58041,22034.71968,51123.72001,92191.37188,44142.16113,89615.48101,84646.80868,104473.2745
SPRING BRANCH CENTRAL,43550.85236,54535.43576,47138.12649,76458.70997,13793.8803,14596.97663,90132.86233,76127.00186,41225.11882,22419.01353,52381.45443,63758.38686,70759.41322,85023.74648,17318.87784,29947.28073,52761.03275,83460.97907,42748.23542,5007.375131,2970.1098,77028.05672,0,88544.69419,70300.15975,2796.884198,31716.89476,12216.2854,57258.70079,8643.783364,49178.31668,73484.45689,21537.78972,35775.91633,38077.31019,63201.13018,42469.53636,46947.68741,73088.85407,117876.826,116128.2874,4270.80886,11092.30392,30335.05001,42354.42544,68338.91954,61891.01357,110320.175,74279.79843,46676.08627,59058.06284,63361.6823,37871.12992,74693.53655,135711.4363,50609.44419,47632.4638,40742.19719,51480.18289,68245.45745,50615.48915,57958.98295,81678.01224,87755.92171,48655.55232,30093.07342,51494.8724,64389.14521,77641.5321,40423.70941,26298.06046,48542.15849,65858.39399,31024.94202,50967.29604,19695.52076,56594.80534,45637.82917,41652.63694,40839.15051,101495.794,67762.6494,25588.90593,20263.28758,37000.68148,13456.23096,7343.249835,26452.27927
HUNTERWOOD,53125.80609,36999.6657,44451.30201,23725.04108,78123.46669,78566.89404,64058.26118,52598.29262,133132.4468,57332.21112,32372.44232,25012.99488,17973.9137,10147.27295,63660.18189,49893.95082,26271.17127,74705.86336,41612.94083,75812.53247,96833.71543,3337.238054,88544.69419,0,16026.74082,80907.71075,51018.17356,63459.07628,22446.87562,99718.52265,35278.31018,9745.468162,64919.29569,46740.39072,64640.94518,26396.16395,108874.6796,67907.88791,57173.65427,78518.71939,47461.2633,86836.32865,103792.3323,98082.62336,111806.6358,111269.962,109370.985,70123.46499,75353.76684,106824.7912,87648.48363,68040.23197,118902.3564,41585.35964,83550.30029,96730.97552,85502.98796,99405.43764,75983.73054,60172.6712,67978.52444,55903.70264,43037.28256,41230.67068,63101.17048,86181.20585,54344.22817,47827.23533,34801.82408,63986.48085,107909.6205,58361.0887,39273.50395,68392.53866,49555.19382,90990.53144,42256.21523,52758.06486,75941.00879,90255.05481,58945.30256,32856.71686,65890.29817,107803.9037,56631.39003,105755.7872,100554.0232,120042.406
SETTEGAST,35146.89213,22010.77811,26136.94302,18388.3909,59189.18825,59777.61348,58420.28031,43527.51576,114322.1511,38384.79239,14028.32935,9171.326403,5608.54228,14557.17764,45024.30212,31216.22206,7727.739084,65192.60115,22012.41154,57335.53182,78460.90325,5416.863256,70300.15975,16026.74082,0,62780.59105,32805.98558,45263.68073,4408.050332,81305.84687,16887.98538,5201.252941,46130.36618,28135.2495,46386.01278,12477.02686,90208.04307,51566.64039,47701.28165,79155.24544,56674.68848,68327.81044,84533.3836,79348.99958,93867.59798,95136.27833,93272.82985,71020.59743,63156.50866,88913.0238,72349.97769,54142.26682,100113.1224,34589.22294,89277.18765,79244.24118,68140.37382,81016.52331,60034.33055,47573.13026,51541.79995,41731.68734,37311.12213,39598.94334,47272.48352,67483.10513,39646.30402,35639.50103,30418.56869,45961.39968,88926.89001,41993.83006,29340.02675,49774.03572,35276.16389,72043.97456,29414.41742,36186.63995,58537.29343,72309.49334,58816.69425,21831.94461,47016.44303,88850.21752,38357.19152,87007.05671,82033.40604,101794.9805
LANGWOOD,39771.1541,50018.39744,42863.52067,70520.08746,20043.50082,11064.24291,90218.44084,74995.85271,50383.16331,22203.66229,45819.04264,56847.00575,63413.22521,77128.04259,11010.31905,22958.48097,44707.93396,85856.93892,35148.3511,4145.85644,9407.489567,69002.12,2796.884198,80907.71075,62780.59105,0,23766.47392,5740.388686,49515.80171,14024.25458,40536.40005,65813.8709,16322.34091,29216.59083,28796.58412,56092.8327,42344.68331,42537.24063,68396.123,113310.644,109681.3935,5388.77257,15895.71459,39327.74034,50971.49874,79438.71679,68429.26443,109314.6386,77372.94216,57078.18549,67075.1568,65784.87241,50277.99609,71749.44381,134074.7007,57471.7493,54706.14353,48077.96974,56244.88566,68663.86973,53213.87478,58762.97906,78818.92843,84512.31781,48142.02094,35987.03494,51331.82943,62391.32383,73613.10655,41732.91553,35969.54204,47246.47044,62824.18124,34182.77632,49081.17663,29244.16784,52755.51101,42796.27055,47006.9546,49038.07548,99831.11267,63501.6242,28554.79616,30170.69625,34792.89603,24503.00745,14907.89354,32871.59632
INDEPENDENCE HEIGHTS,22063.14244,25680.75962,20715.61965,43816.85964,27902.53644,20769.38668,70738.90069,54364.9524,78349.93388,15812.28754,17969.6976,28084.33855,34088.7413,46617.9104,12155.50411,4711.221074,14293.84253,71781.09515,5982.902948,20018.11315,39695.92566,38354.24703,31716.89476,51018.17356,32805.98558,23766.47392,0,6279.891733,19913.63632,41972.37028,11923.94334,36304.42478,8686.852776,4191.125122,15705.07863,28527.4189,54511.16391,31917.82797,47789.3822,91053.65002,83326.38118,28936.50912,45812.90144,52869.98659,67798.72914,82235.08315,74997.43762,87517.38354,65428.39047,67662.81928,64064.05261,53844.93055,70947.85384,50330.69677,110040.0335,61698.03415,53018.83766,58222.76735,49875.10941,52596.56904,44054.09956,44843.24111,56964.77163,59493.78365,36569.61166,42699.48999,36705.67516,41328.495,49182.79388,33223.54956,57002.27468,33331.44211,40126.6817,29872.67859,30546.6869,42619.52544,31248.94467,25876.35197,43240.37293,52612.65944,76812.95881,38131.41284,24361.09268,54531.50789,22360.31781,50644.83126,44119.16642,63106.52289
CENTRAL NORTHWEST,27646.48488,34254.79005,28537.35186,54617.61274,17293.25769,6797.177897,75871.87195,59383.62667,59310.94519,13530.81725,28644.64434,39622.61666,46192.60235,53963.64482,5074.003972,5289.634291,26031.7446,73259.57315,17069.61186,6078.154466,20989.56624,48401.39206,12216.2854,63459.07628,45263.68073,5740.388686,6279.891733,0,30353.6089,23416.34487,23612.58798,45222.79121,4044.210557,10440.09704,19257.17151,35121.53965,43728.69137,33906.00415,52011.92843,95831.4485,89440.45715,8842.856336,27415.26749,41972.32767,57986.80649,77571.82592,70331.33232,91500.23874,68498.80939,58407.97454,61943.23426,55145.60744,57645.7224,58595.00129,114859.7116,57437.37585,49686.79294,49929.29668,49079.94662,58068.71265,45594.92292,48987.89266,65512.47859,69186.42244,39381.04324,35612.19452,39960.88784,46412.91288,58571.98313,34652.91679,43161.69248,37492.56272,49127.27437,29575.04209,37091.59051,32115.73217,39162.80834,31433.03963,42562.44062,48245.32386,85143.22229,48317.12281,22719.8104,38922.9769,25128.13977,33242.84246,23889.26034,39905.57912
TRINITY / HOUSTON GARDENS,30067.13804,22416.48846,21960.69329,21909.77976,47401.77918,46258.80834,60120.42902,45135.29794,100755.9855,26952.10095,10381.19149,10250.82044,10472.39025,19004.3671,33459.177,19918.51562,3552.872498,66684.51369,12551.89053,44752.79614,66457.94478,11024.31156,57258.70079,22446.87562,4408.050332,49515.80171,19913.63632,30353.6089,0,68336.07151,4308.448025,7160.57922,32784.36642,14477.44238,34710.92114,5023.717558,77170.37635,39483.68721,40029.69339,74750.07156,56512.55492,53905.726,72922.29842,69062.47892,87518.60454,92354.25462,88969.53781,72683.66449,64149.28062,80899.11934,69639.02751,54225.85257,89296.07457,38582.10914,91191.931,74208.27349,64269.58182,74148.53811,56998.69412,48625.92132,48294.07249,42127.25242,42803.18514,43309.38732,43670.90468,58468.95832,39061.31176,34988.81974,35323.59995,40261.42846,78552.17438,38390.03715,30640.07003,43097.95556,32453.34033,60853.5846,28801.01831,32077.61208,54234.5724,64691.74379,64120.87208,24715.27956,38472.43897,76558.05087,32677.57133,73167.76993,67572.41089,86947.66726
CARVERDALE,59041.44837,70037.73514,62328.98467,90656.63237,31233.02889,16522.1423,107430.3582,93141.15817,43399.52326,39050.90595,66262.31744,77233.46333,83368.30773,97151.21335,30783.93879,43330.56153,64734.78698,100913.5802,55336.07267,18968.57419,6581.487647,88725.87365,8643.783364,99718.52265,81305.84687,14024.25458,41972.37028,23416.34487,68336.07151,0,58068.31973,84210.33341,28028.12496,44994.16998,40492.51267,72728.28929,28119.68436,48248.94543,75532.07949,120944.1874,123820.2869,3561.881554,2750.307237,47509.62194,56528.11969,86646.09066,79468.40539,127332.0136,92853.31182,64120.58773,77429.09895,80820.82851,50632.86421,90986.72697,152668.4869,68174.68553,66314.00675,57824.88572,70076.06494,85579.12458,69072.32038,75765.57967,98049.57387,104037.504,66285.066,48457.05358,68641.80524,81095.41417,93524.72477,58456.26102,41181.64267,65813.9253,82044.31529,49415.76708,67871.81424,35594.93167,72164.59862,61848.39628,60334.73851,58786.83132,118430.9214,82967.27342,42961.18793,31792.43526,53345.56007,24068.67065,11299.90281,18177.27265
EASTEX - JENSEN AREA,29405.52162,26058.79207,23834.43324,33302.93118,42042.63558,33847.81079,67977.64364,51919.3527,95568.61289,23450.30206,15861.46181,19839.1255,21815.6015,33823.90649,26940.92281,13392.16486,8926.30219,67898.75823,7498.217224,37405.10111,56788.79181,25420.07079,49178.31668,35278.31018,16887.98538,40536.40005,11923.94334,23612.58798,4308.448025,58068.31973,0,17681.33101,20208.89292,3762.102504,22906.93146,5853.476434,63768.22006,25585.88946,31593.3676,71612.88616,60106.22893,44240.50588,62747.30126,64752.95307,82634.70219,93509.82283,87221.48347,80375.99929,68327.40218,77214.2721,67497.42904,57232.39985,84749.2547,46864.78586,100471.7252,72575.59719,63699.54623,70191.78309,57131.13432,53258.30799,50667.92708,46485.29074,51978.23492,53113.41199,43977.17715,54130.23734,41343.40204,39691.9823,44250.85263,40530.56128,71975.01064,39455.49482,37545.66429,40607.5514,34472.92524,55859.69085,32487.5999,32024.31733,53313.02824,62896.74369,73115.85101,32859.87579,34788.28392,70785.5951,30778.05396,67965.11448,61962.04983,79706.00959
EAST HOUSTON,44619.1162,32384.05774,35702.85739,21970.01548,63555.30863,59626.61196,64411.25776,50981.37572,116844.5578,43141.07834,21139.33907,16322.0596,14045.20673,14560.93073,49566.9922,36166.81162,15015.07221,69165.0405,28756.48722,61078.10963,82600.37221,6557.327403,73484.45689,9745.468162,5201.252941,65813.8709,36304.42478,45222.79121,7160.57922,84210.33341,17681.33101,0,46250.91851,28540.92437,47809.19359,5334.591313,87494.22926,46680.10122,35687.69435,62298.68205,40395.78752,69511.34582,88897.91649,85177.92521,102829.9263,104896.3075,103129.856,72202.65016,71036.30488,95563.96582,78176.2181,63800.22076,105558.4721,43754.66194,89264.14046,88433.09905,77968.76662,89229.10559,70221.15606,56227.50575,60851.05039,50939.35531,45742.89961,43407.95889,57347.0287,73765.92527,49953.6931,45962.17644,38702.82291,54183.70188,94521.42118,52017.60984,39253.35052,57978.71196,45407.07747,76816.26272,39687.49301,46098.64932,68376.85208,79073.5181,66144.30476,31983.41409,53783.38169,92702.69855,47568.28777,89276.15139,83174.88724,102084.9984
ACRES HOME,37320.18034,42819.46135,37483.98181,60810.45793,28145.50899,3555.973688,85633.15533,68893.79808,67972.91072,24398.91273,35351.1828,45133.2889,49969.11847,60149.07464,14942.62394,15737.97791,30722.60403,84091.82006,22363.57068,16489.6378,28765.50651,51658.95989,21537.78972,64919.29569,46130.36618,16322.34091,8686.852776,4044.210557,32784.36642,28028.12496,20208.89292,46250.91851,0,6939.683677,6731.698444,34465.95876,35935.61213,15467.7128,40272.19676,85059.8219,85237.78329,13257.40818,33084.3694,52213.4094,69118.89365,88765.07019,81393.01327,101866.2588,78950.18455,69041.62345,73093.67404,65733.34166,66366.32048,67517.59952,124803.8587,68608.14808,61044.57158,60800.01809,59885.28541,68148.89935,56449.09631,59267.57316,74292.37096,77093.673,49768.76059,46512.70908,49981.56667,55642.90055,66757.46633,45596.88024,53865.57385,47650.29373,57597.23667,40846.3271,46573.41085,43034.67934,48162.22821,41172.37929,53859.43178,59597.17893,94068.7679,55768.30815,33984.33161,49670.35701,35492.75442,41419.31329,32966.25945,47904.77414
NORTHSIDE/NORTHLINE,29832.25505,30179.32908,26799.42111,43343.07801,35045.89871,19811.62472,74085.47713,57348.30881,82073.09742,23635.6795,20690.68539,28331.71358,32036.51867,40161.57874,20630.8983,11502.86181,14424.81831,72622.40689,9456.716297,27411.68291,44315.51482,33550.97417,35775.91633,46740.39072,28135.2495,29216.59083,4191.125122,10440.09704,14477.44238,44994.16998,3762.102504,28540.92437,6939.683677,0,9718.114895,18306.01875,50410.16086,14442.44519,29856.72765,73296.76444,69843.84545,30334.2722,49884.94048,59846.40116,76355.08949,90731.21473,83734.58091,86724.49112,71450.86915,73597.12749,67588.0982,59805.22883,77706.11719,53900.48043,107021.451,69639.47259,61051.54206,65026.98133,56482.81508,57991.08941,52277.84012,51072.09643,59776.17638,61468.43446,44369.19295,49232.83165,42795.98264,44148.49498,51975.39083,41277.94276,63496.35199,40952.85512,43801.44168,38665.63702,36966.76713,49956.55365,36485.08573,33246.40668,51978.21291,60141.89094,80335.18595,40377.21199,31949.49452,60349.17885,30442.37596,54758.85686,46798.89761,63870.07567
HIDDEN VALLEY,46523.73392,50823.92715,45125.74837,64218.85554,44565.09112,17326.74195,95867.65161,79514.2183,86479.81928,37397.82915,42322.06555,50884.05513,53599.58152,65694.15253,28437.6022,27491.70268,36502.52216,96242.6076,29922.71557,32203.89238,43940.77335,56219.46491,38077.31019,64640.94518,46386.01278,28796.58412,15705.07863,19257.17151,34710.92114,40492.51267,22906.93146,47809.19359,6731.698444,9718.114895,0,34705.40159,39284.34295,11528.16996,34800.64027,79343.29814,82899.99189,29293.08173,45088.41102,69775.93173,83056.79427,103271.5548,94844.81556,112550.0196,89343.59223,85912.76732,86248.28834,77504.83177,85210.46982,74103.59966,134613.0307,81760.79904,74485.23424,76317.01759,72516.45393,77070.59473,67792.98016,69398.96915,80155.16761,83540.60537,60317.48966,61123.77429,60780.59159,66498.99275,72355.53032,57312.32477,70682.38203,57728.11655,63785.9597,53062.70296,55086.17462,59024.67042,55564.61127,50379.472,66221.07164,72749.96238,101545.6072,60718.64854,45859.90756,66148.23392,46127.5731,60512.01543,50962.30885,63963.79101
EAST LITTLE YORK / HOMESTEAD,43665.69387,37904.07545,36496.65981,35207.59258,57152.06208,47365.58177,75902.55746,60895.6884,107649.0102,38131.00909,24899.20609,25918.22803,22576.49824,28519.17992,43668.93722,29807.20136,18390.06374,82161.04958,22930.94046,53552.25612,72072.23696,21534.94386,63201.13018,26396.16395,12477.02686,56092.8327,28527.4189,35121.53965,5023.717558,72728.28929,5853.476434,5334.591313,34465.95876,18306.01875,34705.40159,0,76263.53762,33414.34333,19093.45134,52555.96585,42998.47511,58028.3774,77627.62628,79594.40454,99191.86992,107279.8366,102594.8106,87703.93826,78005.4767,93138.95103,82630.18526,68562.00403,99087.82364,52989.69294,105013.5512,87829.44429,78507.85181,86391.65572,71405.77876,62766.15017,63358.07884,56323.13856,56365.20118,56254.86322,58033.29153,70408.61736,54444.35385,50182.64988,49198.10493,54469.96811,88535.36309,52892.85121,45776.01401,56002.7393,47283.05484,72042.2421,44061.84949,46046.28763,68086.33375,78166.17485,77586.63161,39341.91006,50632.14353,85999.30363,45724.7481,80024.0446,73712.84052,91305.7038
