,FOURTH WARD,SECOND WARD,DOWNTOWN,CLINTON PARK TRI-COMMUNITY,GREATER UPTOWN,GREATER INWOOD,GREATER HOBBY AREA,GOLFCREST / BELLFORT / REVEILLE,ELDRIDGE / WEST OAKS,WASHINGTON AVENUE COALITION / MEMORIAL PARK,GREATER FIFTH WARD,DENVER HARBOR / PORT HOUSTON,PLEASANTVILLE AREA,NORTHSHORE,LAZYBROOK / TIMBERGROVE,GREATER HEIGHTS,KASHMERE GARDENS,MINNETEX,NEAR NORTHSIDE,SPRING BRANCH EAST,SPRING BRANCH NORTH,EL DORADO / OATES PRAIRIE,SPRING BRANCH CENTRAL,HUNTERWOOD,SETTEGAST,LANGWOOD,INDEPENDENCE HEIGHTS,CENTRAL NORTHWEST,TRINITY / HOUSTON GARDENS,CARVERDALE,EASTEX - JENSEN AREA,EAST HOUSTON,ACRES HOME,NORTHSIDE/NORTHLINE,HIDDEN VALLEY,EAST LITTLE YORK / HOMESTEAD,WILLOWBROOK,GREATER GREENSPOINT,IAH / AIRPORT AREA,KINGWOOD AREA,LAKE HOUSTON,FAIRBANKS / NORTHWEST CROSSING,WESTBRANCH,SHARPSTOWN,WESTWOOD,FORT BEND HOUSTON,FONDREN GARDENS,SOUTH BELT / ELLINGTON,SOUTH ACRES / CRESTMONT PARK,BRAYS OAKS,CENTRAL SOUTHWEST,SUNNYSIDE,ALIEF,PECAN PARK,CLEAR LAKE,WESTBURY,WILLOW MEADOWS / WILLOWBEND AREA,BRAEBURN,SOUTH MAIN,SOUTH PARK,ASTRODOME AREA,GREATER OST / SOUTH UNION,PARK PLACE,MEADOWBROOK / ALLENDALE,MEDICAL CENTER AREA,GULFTON,MACGREGOR,GULFGATE RIVERVIEW / PINE VALLEY,HARRISBURG / MANCHESTER,UNIVERSITY PLACE,WESTCHASE,MUSEUM PARK,LAWNDALE / WAYSIDE,GREENWAY / UPPER KIRBY AREA,GREATER THIRD WARD,MID WEST,GREATER EASTWOOD,MIDTOWN,BRAESWOOD,MEYERLAND AREA,EDGEBROOK AREA,MAGNOLIA PARK,AFTON OAKS / RIVER OAKS AREA,BRIAR FOREST,NEARTOWN - MONTROSE,MEMORIAL,SPRING BRANCH WEST,ADDICKS PARK TEN
FOURTH WARD,0,16174.94577,6009.553063,36387.23979,29535.38487,51200.98074,56644.1612,40907.66919,93522.09257,14654.17026,16492.32228,27007.52359,32791.78163,51490.81159,22695.99313,15249.36302,23719.59171,54128.95538,15336.10101,34356.55659,55723.14412,45463.66555,45673.72529,54927.41237,37136.8618,41926.25625,25101.06614,32228.83177,33409.73779,63827.20743,35182.37481,49232.63003,41632.63104,35206.46621,48591.58269,48590.49514,87263.92088,66579.73094,81794.22009,122856.0595,110398.8123,52586.62562,62423.79167,49168.81949,59335.18608,65894.96857,59547.86176,78923.69089,46120.01933,57666.71362,49963.48919,35170.99931,69758.09833,33281.23888,101473.5343,47456.65717,37453.25421,50113.33193,30664.98901,34943.55745,23787.10212,23782.55588,39508.14128,48388.20857,16396.53616,34564.45583,16803.93961,26302.64953,38195.82868,14322.33561,59874.96151,9331.262549,25467.51318,18021.54719,12214.32914,43035.27073,15842.22186,4588.883689,26588.88827,39967.52404,63258.56157,27428.28267,17707.9289,61839.35277,5640.866198,66416.43587,59504.00285,82274.14667
SECOND WARD,16174.94577,0,7208.702163,16250.59019,41742.36606,58048.78063,42607.33717,26553.45097,105134.8379,25770.7088,6987.581072,8882.958117,16307.229,30075.08828,32123.6065,20486.59557,15959.4464,46919.28847,13849.0751,44282.53665,66899.9481,27688.54297,58523.45087,39352.41058,24830.11571,53901.29176,28868.59884,40052.80399,26418.57302,73979.34242,32096.07941,36935.41665,46887.0395,36677.92446,53929.57921,42595.80767,93635.13719,68179.91055,79136.91547,115024.4557,100118.8051,61515.93324,76666.90582,60705.92775,71598.40152,72214.10644,67657.73708,61135.09799,42942.07833,67650.23887,54211.97372,33274.43867,81159.18507,17779.74831,83541.87733,56219.68157,45140.86143,60976.46144,36254.94414,27134.47528,27879.91579,20080.58098,24462.78849,29083.33482,21783.39179,45915.10117,14946.74319,12654.21862,17796.54547,23344.16391,71628.7633,17530.81151,7823.341348,29630.99835,8795.278849,54797.02345,3810.739217,12585.83013,35134.16867,49823.6704,45452.78884,7464.980506,29372.64561,73401.37666,18358.63713,77850.65702,70541.79404,93165.1568
DOWNTOWN,6009.553063,7208.702163,0,27069.48207,33133.21899,52354.54322,48060.55294,32126.87938,97076.39279,18266.73501,7410.172469,17405.05907,24646.55717,41743.76787,25841.79116,14929.58095,15353.06346,47716.79559,10768.8724,37755.86684,59308.70087,35578.59744,49184.01483,46436.68692,28310.78356,45125.3203,23828.32816,34161.00123,25549.48093,67106.64613,29885.95859,40276.71438,41619.61815,32836.55452,47197.07449,41395.22891,88092.3181,64503.00051,76942.43877,115566.1786,102487.7044,55449.43204,66149.02697,52769.46075,63022.69843,67879.87027,62208.71211,69819.96107,41348.25648,60895.02583,50278.66065,30730.56143,73322.88109,25687.75048,92390.16527,50307.35425,39922.09357,53566.39711,32037.99709,27531.01581,23829.36462,19939.59161,32609.07099,39093.81317,17181.71614,38111.88312,12610.5016,17333.49231,28769.77333,16901.59808,63517.45298,10864.87187,16415.06833,21629.39688,5782.489647,46672.10758,6741.389882,4814.765515,29231.84206,43121.85268,54135.84049,18130.25152,21285.31631,65367.32218,8824.90124,69992.63939,63156.84892,85936.63066
CLINTON PARK TRI-COMMUNITY,36387.23979,16250.59019,27069.48207,0,62876.54362,77685.45727,35995.19654,22840.15285,126857.5146,47871.74286,19380.12242,9332.617782,4894.534857,13807.75059,54062.18656,41454.9995,22704.71822,46473.91604,31285.92973,66272.03472,88186.77596,17006.42674,78234.23659,27369.83555,21231.57351,72822.40833,47134.18558,61059.61857,25753.86797,94751.6708,37391.3,26820.76687,64830.93763,49727.17947,66978.2515,38059.01209,111053.7185,76866.65198,77419.933,104650.3574,88890.0116,82845.59016,95797.96618,81085.86818,91078.46183,85953.76716,84466.36211,48154.44115,46968.92383,86179.36407,65662.00653,40974.57185,101300.3134,13637.89998,68752.22282,73737.83461,62092.08302,80504.35886,52131.90348,30768.31971,43336.29037,31506.34784,15045.02268,16029.71651,40354.61652,66203.11172,30839.91718,20046.81343,8154.620911,42763.57407,92906.40968,37398.5892,12629.13819,50427.51951,25873.86757,76032.36859,18298.51198,32957.69441,53273.59098,68616.64898,35902.20943,7294.463074,50983.12812,95195.62404,38776.14998,99898.50047,92762.05295,115300.3807
GREATER UPTOWN,29535.38487,41742.36606,33133.21899,62876.54362,0,34415.86063,70111.32185,57499.07467,55229.953,12908.01068,41211.36662,51855.11657,61247.3292,76327.65935,17760.29536,23199.80313,44041.65839,62450.81683,35736.74475,11650.87385,25259.42898,68342.65368,17407.59526,81424.04503,62507.20206,24635.81585,32953.66571,22732.83864,51028.93174,35052.09115,45830.79759,67962.54218,33478.91617,40044.19827,50066.04757,61411.32668,69086.44952,60639.94941,84120.27754,132326.3011,124644.0036,28305.48304,36692.28956,16615.94877,34240.08013,51776.72381,45575.80078,96418.75212,54853.73775,31950.58805,39563.04897,42776.42919,35507.80521,58259.59014,118569.7242,33871.72418,28648.71553,24669.01572,32301.06201,48614.38334,31581.87575,39700.06788,65016.51542,70633.64475,30400.00157,12266.74325,34566.11862,46607.53164,62779.88411,22563.59239,23550.44619,31156.5074,49738.86239,12425.53591,34448.86628,7768.58545,41134.50228,30257.6123,22563.84157,24248.45634,82237.22962,52852.61721,8042.814909,23446.94374,21899.8514,28820.59102,25276.98855,47731.04381
GREATER INWOOD,51200.98074,58048.78063,52354.54322,77685.45727,34415.86063,0,101097.5315,85433.83497,70843.50297,33193.19019,51476.07957,61841.90716,67156.85827,81426.2259,23548.14732,30328.34575,47751.53311,96852.33965,38674.62664,19249.46844,22721.29643,69906.92648,18648.64153,82790.04859,63988.16887,15081.86064,24763.64161,11984.45532,50442.34873,20054.58404,38286.9172,63430.15617,7707.019425,25312.77034,21389.80807,51660.60823,29211.26944,26495.79515,55415.7492,106928.2493,107983.4866,7936.739733,25297.7977,56019.26386,70489.84714,93426.34149,87564.21029,122998.1583,91171.64387,73122.36471,81574.98937,77716.56538,69255.48614,82458.7706,145572.4617,76078.94078,69591.23476,66309.82289,70074.36468,81122.02051,67683.29382,71888.8563,89416.03398,92999.23779,62161.30504,54222.92491,63128.76665,70852.4317,82401.86074,56531.03135,54468.39793,60564.76357,72985.20117,50164.55121,60733.9496,46445.37955,62969.79972,54945.18527,62880.11607,66234.39279,109083.7927,71797.07587,43206.87702,48328.48969,47845.07437,43984.0233,29763.82595,47308.20722
GREATER HOBBY AREA,56644.1612,42607.33717,48060.55294,35995.19654,70111.32185,101097.5315,0,9020.366657,122719.4417,58844.02797,49619.31418,41985.50267,45731.05957,48055.17932,72011.09222,62911.97174,61106.63906,9757.327213,58648.08993,80318.3054,103213.3895,59930.8066,94990.46543,68974.31807,63019.96014,95149.69552,75675.06079,80121.0068,64735.87014,112300.8826,73690.74546,69292.74733,89895.23117,80640.31135,100819.9918,80491.84254,137965.0128,111978.8542,118684.0195,146743.8183,130427.9731,101613.3432,114487.3774,73917.37569,84929.20044,60621.54403,69483.9315,15048.61881,18080.02994,71113.91969,41369.45887,23172.27508,91086.78117,26454.73851,37354.69294,60915.61529,52429.95845,72179.99564,42448.95522,17681.15988,38899.70762,29501.65087,20282.18217,15173.44505,45005.57426,68665.53092,36020.70038,26405.0747,30064.05859,50790.17287,90734.68989,47663.93534,31912.03397,58045.64507,37242.97611,73916.93422,39444.1864,50097.57793,51108.92119,59439.30317,14630.01566,35326.6045,60939.86565,93523.49935,53074.52274,100879.7594,98539.25053,120733.6077
GOLFCREST / BELLFORT / REVEILLE,40907.66919,26553.45097,32126.87938,22840.15285,57499.07467,85433.83497,9020.366657,0,114458.4485,43812.39067,33556.01348,27329.45097,31715.74014,38259.10346,56422.86006,46793.61795,45496.3153,14848.14432,42460.8,65512.77643,89021.19693,45777.69878,80664.66913,55951.07156,47988.60014,79889.34053,59498.20539,63934.98391,49625.64933,97774.04292,57770.84982,55887.48771,73441.18148,63821.81626,84642.51774,65424.32429,122150.3373,95343.1187,103713.3758,134103.2606,118342.1907,86514.04751,100077.1534,65377.51006,77926.08126,60706.94771,65853.76996,25664.81011,17864.45655,66299.29264,40763.50576,17132.33718,84570.21763,11554.31718,48883.65991,54831.01016,43569.47251,64088.89005,32746.60905,9198.758551,28095.65523,14336.29002,8962.234032,10380.86403,31970.27573,57155.65207,20210.30852,10548.03126,16737.86513,37025.05161,80476.87171,33240.7464,15966.77471,43867.23312,21388.50402,63205.12936,23352.43358,34701.75806,39536.09887,49922.99581,18239.35015,20431.08501,46312.19263,83740.61574,38116.87762,90199.05966,86188.51364,108931.9665
ELDRIDGE / WEST OAKS,93522.09257,105134.8379,97076.39279,126857.5146,55229.953,70843.50297,122719.4417,114458.4485,0,71550.89152,105076.8927,114399.4073,125063.7479,131825.6233,72968.31443,79140.19281,106397.0805,113699.8799,98845.42948,59889.19811,44047.77927,128371.0388,52274.92317,144558.0267,125725.062,60643.73685,89421.64413,69425.26128,112060.0151,51335.24583,106878.337,128126.5121,78248.6325,92740.97206,96402.98,118739.7827,82634.26687,100786.9005,124125.0234,172176.4149,169077.831,55017.4454,45506.96932,41114.82297,44067.40232,71286.65653,67519.09081,138534.7179,102722.3856,49838.12787,72099.86064,98072.96887,24400.83066,119989.3483,169285.693,64975.59211,74525.83074,51473.28419,82399.5069,105665.5707,86383.60887,98069.21533,126174.7374,131421.1741,87298.99949,58975.84553,94988.8368,109117.0628,124415.9835,83499.28514,28939.87631,92436.93503,112159.6573,70458.47265,96676.98769,44801.74028,104396.3846,93341.45088,75669.50714,61979.30394,140589.9702,116297.5619,70366.85318,23722.04733,85542.96944,15121.6881,23998.13872,18724.40136
WASHINGTON AVENUE COALITION / MEMORIAL PARK,14654.17026,25770.7088,18266.73501,47871.74286,12908.01068,33193.19019,58844.02797,43812.39067,71550.89152,0,25292.06816,35354.62388,45175.12078,51956.67395,7245.760214,7373.988756,27043.01051,57194.64476,19291.87498,13044.90893,37390.82343,48769.39564,28968.40172,65022.41974,46083.28208,26626.60018,18295.12169,16093.09715,33873.46847,45084.39481,29230.81746,50211.94854,27532.05222,28570.09446,39793.66556,43711.77481,70419.62333,56042.45564,75750.10062,117257.0718,105155.3541,33165.06269,47584.39407,31939.33752,50426.48961,63192.12508,56294.99764,79928.13304,49669.88404,45494.22464,48055.35756,38780.19915,51729.03781,45689.34808,102461.2534,42312.94886,33906.97488,37886.81348,31257.38927,40136.30795,26862.62387,30819.37175,52693.60553,58105.24406,21222.00678,22179.48367,23146.24937,33230.90621,48128.51633,15916.54812,41810.013,20346.91189,36843.91077,12451.36763,22402.85402,23526.84059,27494.46359,16650.04428,25329.12358,32986.07108,71196.25042,38742.15661,6215.774409,40537.31578,8312.49291,44056.32118,36662.43051,59263.28988
GREATER FIFTH WARD,16492.32228,6987.581072,7410.172469,19380.12242,41211.36662,51476.07957,49619.31418,33556.01348,105076.8927,25292.06816,0,6705.06654,14820.63796,30062.14621,29724.50342,16645.89426,6975.287197,53597.61432,7443.95187,42118.46796,63867.95461,21549.50701,55813.09914,35399.08288,17115.77281,49181.50309,21134.77502,35308.99918,13825.01213,69628.00325,21851.00175,25661.89456,39391.16138,27476.69138,45230.78822,29445.56966,86175.32919,58569.17015,68204.27014,102289.8604,88293.87438,57104.93219,72710.82527,62162.47351,74765.32574,76580.81421,73876.08578,67627.44893,48970.16705,70317.57832,58834.01579,38880.27589,82717.5865,26901.74783,89825.26086,59422.4122,48806.4118,63139.83982,41364.38996,33554.39503,32513.07623,26046.87255,32781.08103,35090.43144,28200.92854,47639.47767,23406.03942,19525.58775,24970.78818,26049.23934,72191.28278,22965.05046,17138.95361,31056.46595,16743.19887,55468.05538,13182.57479,16918.00147,39161.74951,52509.82469,53300.4843,13807.26317,29983.5576,73377.31653,19878.01504,77495.44632,69235.57253,91506.0951
DENVER HARBOR / PORT HOUSTON,27007.52359,8882.958117,17405.05907,9332.617782,51855.11657,61841.90716,41985.50267,27329.45097,114399.4073,35354.62388,6705.06654,0,5212.51581,20676.98549,41068.81646,27904.90247,11434.41352,46032.65331,18687.18759,53274.33028,75133.62337,15325.02488,67070.63975,28342.28264,14083.63362,60421.66031,31588.38316,46459.26036,15472.33754,80897.81755,24851.20646,20752.46333,49230.72887,35159.0287,54875.65513,31154.20025,95675.75456,64462.89749,67332.06576,98517.73684,83763.45109,68242.44779,83994.11735,69581.17205,84229.11242,79893.3058,79869.53838,53715.83846,45891.3906,76270.62451,61089.43797,38420.29941,90042.37458,20401.83619,70440.20901,65741.32902,54392.91067,69938.00246,45436.60324,30776.20627,36191.36075,26285.39067,24641.09914,25823.40444,34636.9854,56208.78369,24364.71856,20471.09257,17083.04864,33236.02513,80774.57065,30543.05744,13909.20432,39803.02368,21139.94405,63918.24169,14552.53148,25331.91781,46273.8525,58461.01621,45890.03513,6976.88133,38593.28773,82696.09696,30289.32272,87290.45256,80196.15296,102454.968
PLEASANTVILLE AREA,32791.78163,16307.229,24646.55717,4894.534857,61247.3292,67156.85827,45731.05957,31715.74014,125063.7479,45175.12078,14820.63796,5212.51581,0,16288.5975,48851.25732,35694.17878,12655.82061,54413.23611,24197.75328,61182.98501,82403.70977,10323.98481,72727.19873,20020.72119,10477.01912,65511.53191,37030.62927,53193.79197,14375.81898,86811.16155,25856.3122,18540.23101,54090.97565,38252.09945,57682.68495,27188.56128,99617.87132,65265.78318,66696.35348,96664.16183,81709.03637,74806.25033,89207.1054,81444.15554,90597.821,88153.80434,87345.02376,58084.0324,52592.72551,86912.86302,68448.8094,45056.86368,101710.7385,24503.98977,78565.06346,74578.50528,62979.07277,81053.93395,53119.82736,37022.06676,44350.48909,33181.32683,27111.4432,26718.13263,41380.02753,66559.07698,31601.21758,27610.49307,20209.23206,43256.41907,92403.69176,36697.64123,20045.3156,50597.38527,28145.85719,75664.99677,20984.35613,31261.10842,53999.73201,69274.33692,48201.31518,12761.94521,50166.72457,93479.64871,37498.56179,97363.98223,88357.60939,110588.0889
NORTHSHORE,51490.81159,30075.08828,41743.76787,13807.75059,76327.65935,81426.2259,48055.17932,38259.10346,131825.6233,51956.67395,30062.14621,20676.98549,16288.5975,0,62794.53647,49297.24357,25221.77332,60102.84744,42924.67534,75456.8809,99050.90057,9348.863689,90989.22185,13259.5356,20966.18444,83286.62951,52886.93763,60191.79362,25497.61174,103347.243,40142.14449,19112.22076,66469.09212,46502.71265,72179.59687,35094.44802,113698.86,75740.34367,71205.37226,91550.71185,75224.85443,88460.31767,107123.1084,90649.48443,108250.4762,99372.01914,102901.8522,51556.45922,62389.74092,99077.90385,78127.26531,56777.82095,111326.2688,31090.15312,67187.99876,89109.4241,77447.79057,93883.44717,67476.76684,47929.17038,58705.33502,45327.0884,30137.58827,24750.02813,57915.35701,80468.27492,44943.14638,38351.11059,23065.2218,56982.1753,104538.8587,54176.26221,31141.50021,64030.04284,43683.60587,84810.2245,35719.64696,49140.49141,69782.76233,81002.73254,47648.22537,25736.64979,62476.97107,104094.1913,54655.8865,103952.3518,97694.31474,117276.866
LAZYBROOK / TIMBERGROVE,22695.99313,32123.6065,25841.79116,54062.18656,17760.29536,23548.14732,72011.09222,56422.86006,72968.31443,7245.760214,29724.50342,41068.81646,48851.25732,62794.53647,0,7331.015179,30119.38674,68509.95037,21477.71269,7437.823622,28959.46246,54506.58623,21044.26795,67269.54264,48763.40546,15628.65074,14285.5444,7968.763719,37054.14398,35338.7521,31172.52057,53994.97572,19802.176,24176.88849,30596.40678,48096.33398,58912.88932,48247.20494,71883.56112,120106.0088,111401.2676,22488.97003,38061.07771,42006.61679,53829.28907,72190.77115,62304.6141,94611.02319,60877.65752,56586.75651,58604.87868,48868.44284,60173.92132,54651.12989,117151.0166,50327.53959,43542.73869,46266.72238,40961.04566,51045.90911,37432.97693,41732.99205,61705.90175,66493.68589,31973.2109,30639.57079,33356.18557,42073.35983,56072.76318,26333.21184,44983.88265,30652.06218,45728.32966,21153.67679,32128.15041,31087.69121,35683.15606,25814.00532,34123.48486,41370.18397,80829.26848,46474.4136,14536.97643,42774.07312,17840.40638,44458.40529,34188.53748,56387.17683
GREATER HEIGHTS,15249.36302,20486.59557,14929.58095,41454.9995,23199.80313,30328.34575,62911.97174,46793.61795,79140.19281,7373.988756,16645.89426,27904.90247,35694.17878,49297.24357,7331.015179,0,17202.54604,62475.17889,9017.211724,19234.44616,42637.63251,41444.76198,34634.92225,54438.54759,35753.87912,27694.43832,7713.27774,9113.554661,23684.11583,47998.5927,18143.75108,40536.95528,20350.75886,16772.47669,30224.05655,34297.02573,66358.47515,47648.5227,63634.48623,107184.9728,97517.1584,33610.16888,51124.58845,47390.27402,61590.79925,73868.09339,66941.56441,83453.83148,57232.40658,59962.67599,57789.43238,44631.76757,66172.19152,44701.4194,105996.0143,52813.6947,44317.09862,50598.56057,40200.73726,45777.91109,36402.00486,37578.71943,51593.80949,55297.37404,28770.59552,34651.91422,28161.74659,32792.57936,44697.20235,25590.80966,51727.2715,26075.91795,35179.70214,22374.7497,23942.08683,37190.32272,25388.29087,19000.42863,35568.35209,43455.61312,71258.072,34667.43745,15761.4212,49895.39246,14713.32868,50576.4898,41513.84343,62166.83082
KASHMERE GARDENS,23719.59171,15959.4464,15353.06346,22704.71822,44041.65839,47751.53311,61106.63906,45496.3153,106397.0805,27043.01051,6975.287197,11434.41352,12655.82061,25221.77332,30119.38674,17202.54604,0,66653.81873,10163.64666,42348.21726,65578.95693,15415.63549,57414.28828,30956.51775,12387.22169,49355.17782,18835.71405,32977.18892,7341.847284,69322.24297,14871.30672,19468.47077,34838.82277,21382.71822,39911.16893,23130.98887,81158.9189,51911.28376,61319.59234,96437.74995,82168.72616,54603.8818,73219.3891,66477.1134,82010.24373,85744.04963,82592.35435,75990.30918,61274.20024,76688.43614,68634.2999,50631.51448,86862.17387,33890.6334,96934.40298,67823.24856,57724.05178,68468.87613,50456.8944,46697.58528,42042.91711,37385.34237,39158.52216,43411.44801,37109.30827,52912.88454,32424.89034,32402.49995,31412.43997,33808.78233,74924.06252,31785.05657,25913.08937,37048.0241,25820.61302,58595.27584,22254.798,25602.49572,47782.4826,59163.30483,60759.06361,20535.23905,33719.70023,75091.55019,26610.98205,78271.34728,68613.25256,90869.91213
MINNETEX,54128.95538,46919.28847,47716.79559,46473.91604,62450.81683,96852.33965,9757.327213,14848.14432,113699.8799,57194.64476,53597.61432,46032.65331,54413.23611,60102.84744,68509.95037,62475.17889,66653.81873,0,59480.56878,74675.32304,94969.42425,69147.83132,87205.85483,80171.06464,70396.31409,89824.10989,76054.52962,77459.87077,71809.28223,104656.9409,72862.53156,74523.48639,88289.89144,78100.42962,100467.3906,86883.91701,134211.3777,109813.9889,119041.8554,151014.3592,135316.5893,95412.47126,106524.0938,64127.04303,70889.3817,44650.42689,54993.33118,33865.0404,6335.09343,57412.34719,28152.64919,14476.85991,79411.90971,34266.73347,54259.77299,46746.80696,39731.56873,58605.11699,31504.17043,13840.14644,29581.11296,27559.58716,31257.63581,28161.67071,37704.50445,56639.97201,35058.38275,30356.59357,40688.46848,41817.98242,79730.05013,42581.97818,37053.59107,51117.29208,38034.6146,67003.84218,41415.34095,47236.14352,40313.67099,47156.37739,27973.27032,43466.02798,55164.735,86639.18513,48586.25784,94866.76626,93264.51241,115030.0899
NEAR NORTHSIDE,15336.10101,13849.0751,10768.8724,31285.92973,35736.74475,38674.62664,58648.08993,42460.8,98845.42948,19291.87498,7443.95187,18687.18759,24197.75328,42924.67534,21477.71269,9017.211724,10163.64666,59480.56878,0,33358.80914,53537.46624,34589.02238,44856.67344,43446.41937,24038.47435,37505.61937,9512.229848,23993.49505,16328.04145,57749.18643,13258.88235,33097.23531,26446.52361,15580.81338,34506.53682,27635.41986,73670.64275,47007.14849,60110.5134,101328.1407,90623.52921,45486.22316,61159.38583,57884.39755,70234.74893,79445.18927,73447.12516,78169.52867,55425.75256,67486.424,59489.12455,44064.00023,78348.48243,38133.1134,100584.1167,58742.18241,49746.99172,59560.88664,43040.44551,41613.72898,36979.76031,34698.77966,44524.42905,46857.89851,29911.0209,43707.41145,27482.7209,27762.51908,36679.92596,26504.49875,66969.68318,25588.52453,27853.83123,27071.66003,20999.8512,50437.87633,20102.12503,18064.03382,39293.14728,49873.55973,64549.07501,25531.95667,25220.69496,67619.74604,16816.60625,70739.66271,60044.40994,82128.10994
SPRING BRANCH EAST,34356.55659,44282.53665,37755.86684,66272.03472,11650.87385,19249.46844,80318.3054,65512.77643,59889.19811,13044.90893,42118.46796,53274.33028,61182.98501,75456.8809,7437.823622,19234.44616,42348.21726,74675.32304,33358.80914,0,16748.54808,66793.67097,8703.489661,79477.81461,61042.6902,7841.808492,23443.86942,9579.880223,48611.8841,23407.11612,40987.10336,65382.58971,21060.8794,30758.50798,34921.13226,57524.4843,52157.44604,48951.85169,75060.73579,125415.0756,119916.7671,12415.0597,25957.48499,33239.41854,47459.5198,70184.31756,62154.22818,104578.5377,68875.4496,50446.32026,58021.48036,55699.79277,49746.51639,66129.23431,127028.2083,50654.0805,44650.41898,40975.7534,46576.50936,60446.95532,45023.9756,51103.6558,73193.03933,78299.32595,41540.00778,28946.49548,43773.16102,53585.95821,67998.68322,34110.33341,33981.78788,40952.75006,57197.70695,25967.34279,42986.84933,21929.8954,47540.35853,37013.0793,38111.61974,40823.7244,91926.05801,58438.11402,19034.2104,30526.21729,28530.53029,31286.54362,20945.9566,43138.12134
SPRING BRANCH NORTH,55723.14412,66899.9481,59308.70087,88186.77596,25259.42898,22721.29643,103213.3895,89021.19693,44047.77927,37390.82343,63867.95461,75133.62337,82403.70977,99050.90057,28959.46246,42637.63251,65578.95693,94969.42425,53537.46624,16748.54808,0,89979.28654,6529.169307,100247.2155,82071.8251,12895.02042,43219.99212,28058.81503,70684.78854,9267.287957,60045.28792,86596.66575,32766.76565,48759.0449,46453.19615,75627.29186,45589.55816,55571.66649,84643.76403,136479.6822,135519.3227,10281.94757,5629.105113,38689.29026,48442.54645,80267.6331,70176.72268,128384.69,85891.12202,56473.38134,72389.44734,74524.62313,48090.82603,87146.8407,150703.1943,58935.77462,58400.21124,48265.74267,63169.57469,80036.03739,62523.9418,70213.88884,94155.28006,99627.7241,61103.57771,40069.83487,63979.14322,75893.32669,89510.66484,52714.0481,31465.2048,61052.3809,78271.34142,43068.91455,63454.89215,28638.97574,68980.41262,57990.75101,52889.88395,49854.19333,112942.6554,80005.15835,36909.75216,24150.41358,49331.06821,18577.44589,6254.097754,23465.31908
EL DORADO / OATES PRAIRIE,45463.66555,27688.54297,35578.59744,17006.42674,68342.65368,69906.92648,59930.8066,45777.69878,128371.0388,48769.39564,21549.50701,15325.02488,10323.98481,9348.863689,54506.58623,41444.76198,15415.63549,69147.83132,34589.02238,66793.67097,89979.28654,0,81483.94948,7295.436347,9399.805867,73490.53771,42854.95924,55408.74182,15025.05016,93057.03188,29520.16541,11582.09467,55758.88031,39518.67351,59704.88603,25315.89326,100954.5512,65722.90339,64183.45148,85365.24615,69574.34974,78188.07107,97287.1813,87264.48246,104089.1479,100679.7,101454.7789,70444.32501,67037.60739,95843.83746,81526.5811,58471.98492,107756.1578,35750.76775,88751.7772,87052.6906,75835.23854,89943.45624,66889.84935,50638.49764,57555.76235,46306.62381,36520.61991,39863.17465,55448.08792,75356.06984,44940.9892,41041.50598,29324.92848,53224.29012,98165.52015,50642.24298,32716.80897,58902.95956,42094.96771,80108.12185,34652.80119,45028.25381,67307.91096,78214.74966,56060.46278,25955.24992,55978.58066,97021.86535,48988.637,100283.8212,90793.43171,113021.9394
SPRING BRANCH CENTRAL,45673.72529,58523.45087,49184.01483,78234.23659,17407.59526,18648.64153,94990.46543,80664.66913,52274.92317,28968.40172,55813.09914,67070.63975,72727.19873,90989.22185,21044.26795,34634.92225,57414.28828,87205.85483,44856.67344,8703.489661,6529.169307,81483.94948,0,90814.6926,72484.773,5029.811448,34112.51052,18997.66915,61574.49744,12834.38271,51572.33916,77436.37421,25292.93801,39865.96922,40413.66402,66831.19676,46766.79322,51018.62706,78893.37311,130154.2279,127523.818,8020.198015,13780.86036,34375.97334,46056.70931,71863.97476,65907.01212,119996.6838,78118.53791,50714.54387,64319.38968,66714.60642,43206.76011,77253.79422,142337.0255,54633.23804,51696.5885,44795.94779,55355.6251,71807.40156,54400.03207,61292.49185,84287.43125,90754.89294,51907.35753,34187.59516,54464.8438,67439.534,80908.57745,43922.64923,29998.69941,51605.84067,68351.32145,34783.80239,53802.80445,23647.37616,58877.66992,48095.14101,45647.91207,44923.99445,104510.862,69883.66938,28179.31348,23510.48325,39493.55523,23764.64545,13076.78965,35118.57023
HUNTERWOOD,54927.41237,39352.41058,46436.68692,27369.83555,81424.04503,82790.04859,68974.31807,55951.07156,144558.0267,65022.41974,35399.08288,28342.28264,20020.72119,13259.5356,67269.54264,54438.54759,30956.51775,80171.06464,43446.41937,79477.81461,100247.2155,7295.436347,90814.6926,0,17836.93806,82918.6762,53612.28069,70552.74657,26485.99002,103553.9127,38272.11243,14617.86572,68938.23718,51367.14368,66469.85851,30029.3918,112166.2937,72465.89681,64838.91076,83876.74665,67785.05875,91647.50841,105568.0623,103270.1749,113593.3622,114636.4927,110822.9855,74783.83126,79617.32288,111249.1977,95210.92207,71616.26757,123782.0326,43257.59324,91079.39721,99770.95031,88486.26806,104280.0625,79089.54448,63021.90648,70329.44332,59938.79817,45021.24663,46722.94838,64902.4391,88760.11145,57034.63579,49544.60106,36604.98182,66848.4648,112873.5503,60106.88193,41535.63307,72175.483,51281.71524,96323.81683,43972.45328,54509.49481,78700.48805,93400.15548,60963.21732,34610.43043,70952.54335,113266.1099,59019.33114,116391.4381,106522.262,128717.5705
SETTEGAST,37136.8618,24830.11571,28310.78356,21231.57351,62507.20206,63988.16887,63019.96014,47988.60014,125725.062,46083.28208,17115.77281,14083.63362,10477.01912,20966.18444,48763.40546,35753.87912,12387.22169,70396.31409,24038.47435,61042.6902,82071.8251,9399.805867,72484.773,17836.93806,0,64768.83041,35320.79365,52281.3427,8102.019557,84971.11537,19840.28475,9296.057843,50136.9434,32659.49277,47896.13785,15842.71616,93653.57654,56382.75994,56221.45408,85832.88425,71160.27622,73159.70232,86968.61282,84505.0681,95739.7295,98337.72461,95488.15118,76301.53357,67043.74842,93115.2799,79786.99806,57732.0019,105020.8467,37619.71365,96571.82638,82164.87397,71254.22104,85774.36303,62505.05481,51043.62748,53906.67868,44955.16599,40336.70948,44075.40351,49535.5702,70099.04056,42396.52513,38245.9113,33452.91666,48822.9317,93893.19291,44218.5653,32194.28554,53457.83821,37701.9361,77367.65472,32209.01218,38412.4327,60993.95262,75299.13167,61389.20587,24742.68202,52055.27169,94340.27112,40415.42822,97640.48424,88166.1652,110384.1748
LANGWOOD,41926.25625,53901.29176,45125.3203,72822.40833,24635.81585,15081.86064,95149.69552,79889.34053,60643.73685,26626.60018,49181.50309,60421.66031,65511.53191,83286.62951,15628.65074,27694.43832,49355.17782,89824.10989,37505.61937,7841.808492,12895.02042,73490.53771,5029.811448,82918.6762,64768.83041,0,25726.82329,11366.42482,53775.93589,18825.6307,42906.09463,69836.30304,20204.62859,32828.65794,30785.32109,59847.84773,46652.42788,46604.32864,74226.42254,125455.8564,121311.0812,8835.148734,18602.05625,42738.82572,53598.01189,82828.12543,69833.75825,118414.1057,80102.54347,60630.36767,72740.90043,69509.09552,55675.00144,73863.2662,140943.8867,60312.19434,57289.09185,49774.07622,58076.5676,72450.01678,55270.57978,60984.41565,80933.06425,87429.99844,49701.27895,38535.48822,53959.39955,65681.21438,76624.13639,43736.26508,38743.89234,48998.40461,64933.08203,35688.2346,51255.2531,31486.41396,55116.91417,44806.56742,49562.74552,51297.30147,102784.4457,65777.51366,30410.42075,33923.44973,37402.28474,32366.78131,19883.75196,41566.6276
INDEPENDENCE HEIGHTS,25101.06614,28868.59884,23828.32816,47134.18558,32953.66571,24763.64161,75675.06079,59498.20539,89421.64413,18295.12169,21134.77502,31588.38316,37030.62927,52886.93763,14285.5444,7713.27774,18835.71405,76054.52962,9512.229848,23443.86942,43219.99212,42854.95924,34112.51052,53612.28069,35320.79365,25726.82329,0,13296.30948,23942.33673,45423.6173,14977.79108,40517.34475,12789.72268,7429.01521,19064.30189,32557.76825,58516.02252,35734.99471,54744.805,101910.0463,95323.26159,33781.80734,48460.31356,57227.10162,69922.60717,85243.33929,77486.57478,94896.39047,68831.90946,71498.99593,70676.71464,57953.14515,75959.38765,53575.60137,117195.5757,64315.08715,56316.6209,61364.47442,52065.95668,56002.60998,47036.36545,47938.76499,60239.87021,62887.07242,39172.88963,45729.35141,38726.61318,44688.41014,52529.23294,36270.41491,61370.45666,36393.64692,43436.1559,32759.27212,33622.2624,46775.17392,34422.18715,28923.54055,46126.96691,55599.82227,80075.92495,41537.45057,26962.80684,59414.2635,25530.94571,60917.75553,49817.6557,71881.48989
CENTRAL NORTHWEST,32228.83177,40052.80399,34161.00123,61059.61857,22732.83864,11984.45532,80121.0068,63934.98391,69425.26128,16093.09715,35308.99918,46459.26036,53193.79197,60191.79362,7968.763719,9113.554661,32977.18892,77459.87077,23993.49505,9579.880223,28058.81503,55408.74182,18997.66915,70552.74657,52281.3427,11366.42482,13296.30948,0,37363.24423,30656.46818,30379.27073,52261.3521,9159.561791,15344.37127,22193.29054,41514.40181,48474.17092,37006.97167,58697.47558,107008.455,101137.387,15874.04417,34676.94913,45702.28226,61100.09822,80722.96996,73108.7888,99414.84486,72277.1234,62272.33474,67936.10106,58947.20726,62720.54979,63829.7648,121943.4306,60582.91918,53107.99652,52616.99649,52113.40365,61998.67013,49333.85626,52836.22621,70843.55956,75016.21665,43189.50771,38567.65954,43991.15413,51439.28956,64409.34579,38396.80218,46999.48352,41422.65075,54719.61798,33137.75361,41782.72402,35025.97096,44488.96652,35832.57975,46076.06214,51322.86185,90300.21572,54570.14264,26256.13631,43176.64866,28930.49354,41446.59765,28602.2403,48738.26721
TRINITY / HOUSTON GARDENS,33409.73779,26418.57302,25549.48093,25753.86797,51028.93174,50442.34873,64735.87014,49625.64933,112060.0151,33873.46847,13825.01213,15472.33754,14375.81898,25497.61174,37054.14398,23684.11583,7341.847284,71809.28223,16328.04145,48611.8841,70684.78854,15025.05016,61574.49744,26485.99002,8102.019557,53775.93589,23942.33673,37363.24423,0,72695.43866,8559.534445,11194.46514,36792.60797,19609.67121,38710.99758,9447.832226,80591.43933,44364.53403,48720.51661,82141.42272,69138.60349,58671.91564,77281.29142,74002.93898,90695.82173,96155.5287,92386.42651,77998.60401,67963.12265,84789.34516,76908.13173,57936.82533,94176.61454,42344.24286,98409.08327,77627.18468,67835.0602,77346.60204,60656.68091,52228.48139,52111.82869,44927.57728,46431.8198,46892.77901,47279.26992,61669.07501,43021.45813,38772.97925,38973.20843,43782.42402,82009.14402,42013.24876,34526.68516,46352.81599,36182.90618,65587.60802,32737.61426,35560.02837,57686.76376,68058.67978,67753.15723,28473.55581,41703.94453,81102.81585,35947.92983,83738.49253,73501.99667,95606.57302
CARVERDALE,63827.20743,73979.34242,67106.64613,94751.6708,35052.09115,20054.58404,112300.8826,97774.04292,51335.24583,45084.39481,69628.00325,80897.81755,86811.16155,103347.243,35338.7521,47998.5927,69322.24297,104656.9409,57749.18643,23407.11612,9267.287957,93057.03188,12834.38271,103553.9127,84971.11537,18825.6307,45423.6173,30656.46818,72695.43866,0,61019.86555,88043.85247,32622.41772,49853.61793,42294.22201,76149.22132,30946.83402,51448.24289,81682.47465,133646.8184,134793.9838,8110.930194,4840.573266,50413.23422,59094.83646,90144.21953,82747.1126,136968.4259,97262.40368,67266.26106,82481.91311,84520.00613,56712.56389,95771.15183,159369.4074,71468.56761,70380.31128,60784.38378,74467.71113,89741.30799,73577.61523,80427.6252,102850.4762,107774.5596,70983.90475,52248.25263,73395.83035,84231.20312,97338.27604,63092.51279,43854.69971,70554.21238,86838.13499,53921.02274,72634.3596,38513.25426,76948.5521,66636.93427,64544.82677,62296.20218,121627.6818,87748.44078,47303.17847,34175.44318,58127.43307,27615.38943,15124.72681,26703.9006
EASTEX - JENSEN AREA,35182.37481,32096.07941,29885.95859,37391.3,45830.79759,38286.9172,73690.74546,57770.84982,106878.337,29230.81746,21851.00175,24851.20646,25856.3122,40142.14449,31172.52057,18143.75108,14871.30672,72862.53156,13258.88235,40987.10336,60045.28792,29520.16541,51572.33916,38272.11243,19840.28475,42906.09463,14977.79108,30379.27073,8559.534445,61019.86555,0,21895.3632,24280.24188,7359.639209,26697.10745,9263.828822,67807.45596,30051.635,39797.39846,80984.87213,71262.92995,48907.47683,65674.89125,69638.2248,87002.07951,99068.53098,92481.28525,86001.63706,74263.45661,81867.28244,74677.33844,63272.20435,89656.82335,52420.71364,107678.1715,77944.36549,69112.28229,74932.1976,62838.3559,59210.66756,56634.24398,52470.55536,57264.7234,58121.47926,49790.03058,58896.73241,47304.6179,45689.43459,49610.36215,46369.70579,76718.37731,45395.16183,43333.20184,46008.30815,40492.18843,60896.3684,38513.47633,37905.75069,58920.67165,68256.19978,78504.79488,38373.92763,39992.1567,76020.12049,36470.4158,78482.54077,67184.73408,88691.15603
EAST HOUSTON,49232.63003,36935.41665,40276.71438,26820.76687,67962.54218,63430.15617,69292.74733,55887.48771,128126.5121,50211.94854,25661.89456,20752.46333,18540.23101,19112.22076,53994.97572,40536.95528,19468.47077,74523.48639,33097.23531,65382.58971,86596.66575,11582.09467,77436.37421,14617.86572,9296.057843,69836.30304,40517.34475,52261.3521,11194.46514,88043.85247,21895.3632,0,50046.93451,32575.98004,51952.79169,11132.91166,92470.08756,52515.63947,43460.48451,68908.07259,54479.2438,73365.40358,92784.72405,90172.80084,107446.043,109402.1063,107686.6712,77185.32543,75832.14841,100174.9266,85625.91055,68361.8499,110436.7988,48687.97602,96611.73343,92988.08931,82502.6322,93852.29669,74725.6211,60885.15966,65343.54201,55489.27097,50626.12578,48172.10595,61877.49018,78377.13657,54511.10982,50483.29224,43551.80014,58756.56956,99021.56483,56563.0944,43981.12175,62600.22946,49914.18338,81957.33463,44248.82915,50673.68208,72959.42499,83670.09914,70911.132,36617.17437,58378.05734,97380.37052,52202.04978,99730.55597,88833.14697,110872.672
ACRES HOME,41632.63104,46887.0395,41619.61815,64830.93763,33478.91617,7707.019425,89895.23117,73441.18148,78248.6325,27532.05222,39391.16138,49230.72887,54090.97565,66469.09212,19802.176,20350.75886,34838.82277,88289.89144,26446.52361,21060.8794,32766.76565,55758.88031,25292.93801,68938.23718,50136.9434,20204.62859,12789.72268,9159.561791,36792.60797,32622.41772,24280.24188,50046.93451,0,11937.56791,10644.87253,37816.55542,39863.29058,18682.30378,46286.39294,97620.13692,96260.83898,17857.0059,37623.50801,55960.84605,73927.71756,93004.2597,86501.39423,109540.9745,83457.92977,72882.71638,79108.06735,70275.14778,71589.4558,71593.05872,131940.3286,73678.11533,65898.84359,65881.6465,64057.16453,72507.51725,61043.1126,63761.96763,78326.27224,81102.10149,54295.37871,51566.87384,54396.72453,59800.99716,70785.18608,50233.46372,58429.37049,52119.61863,61643.79071,45747.90919,50812.64789,48028.98527,52294.25393,45489.35893,58792.70855,64767.22454,98141.90689,59790.64466,38843.53101,53799.22439,40033.32392,50200.60823,36689.36954,56923.75343
NORTHSIDE/NORTHLINE,35206.46621,36677.92446,32836.55452,49727.17947,40044.19827,25312.77034,80640.31135,63821.81626,92740.97206,28570.09446,27476.69138,35159.0287,38252.09945,46502.71265,24176.88849,16772.47669,21382.71822,78100.42962,15580.81338,30758.50798,48759.0449,39518.67351,39865.96922,51367.14368,32659.49277,32828.65794,7429.01521,15344.37127,19609.67121,49853.61793,7359.639209,32575.98004,11937.56791,0,14564.74874,21704.51394,55605.47473,19462.72222,36663.85696,84708.18985,81043.56461,35142.15775,54601.9852,64312.66699,79934.1238,95154.00631,88184.107,93285.14332,77245.47644,77434.93547,74476.38205,65266.57812,82660.40723,60653.48277,114265.8745,74246.54177,65720.26355,69064.82975,61487.44386,64331.77146,57471.73868,57186.93618,66608.14813,68313.82249,49568.56273,53406.05503,48329.1785,50517.11406,58775.19582,46569.46219,67352.39236,46473.78731,50507.27891,43536.37806,42926.52827,53724.86737,42824.67284,38822.21241,56873.10904,64792.54166,87097.95047,47248.82828,36704.93794,64288.62653,35576.48467,64355.13102,51517.3319,72824.77474
HIDDEN VALLEY,48591.58269,53929.57921,47197.07449,66978.2515,50066.04757,21389.80807,100819.9918,84642.51774,96402.98,39793.66556,45230.78822,54875.65513,57682.68495,72179.59687,30596.40678,30224.05655,39911.16893,100467.3906,34506.53682,34921.13226,46453.19615,59704.88603,40413.66402,66469.85851,47896.13785,30785.32109,19064.30189,22193.29054,38710.99758,42294.22201,26697.10745,51952.79169,10644.87253,14564.74874,0,37784.6277,42728.43537,15325.958,41089.67518,91802.29087,93215.98803,33292.20275,47241.65227,73547.25607,85395.75419,106371.235,96576.07649,119736.4927,92548.32177,89774.82744,92545.5424,81612.89939,90360.4909,76100.24274,141830.3349,84512.11513,77673.71146,78883.47422,74638.06675,80743.5605,69802.47294,71456.36273,82119.66894,87020.99324,62362.12211,63968.5437,62883.49432,69857.23832,74517.6586,59300.60992,74290.86663,59784.48295,65805.2416,55047.48077,57459.01188,61876.96893,57629.99469,52449.73724,68190.45073,75480.91196,104206.812,63133.94552,47848.87802,70368.84289,48556.47698,69017.65823,54780.51257,73308.92477
EAST LITTLE YORK / HOMESTEAD,48590.49514,42595.80767,41395.22891,38059.01209,61411.32668,51660.60823,80491.84254,65424.32429,118739.7827,43711.77481,29445.56966,31154.20025,27188.56128,35094.44802,48096.33398,34297.02573,23130.98887,86883.91701,27635.41986,57524.4843,75627.29186,25315.89326,66831.19676,30029.3918,15842.71616,59847.84773,32557.76825,41514.40181,9447.832226,76149.22132,9263.828822,11132.91166,37816.55542,21704.51394,37784.6277,0,79239.39134,37722.99305,26918.9846,61845.72127,54550.3915,61412.09761,81081.10771,84365.44499,103795.6605,112164.1891,107478.1444,92714.91408,82540.70717,97914.89732,89834.19927,73304.40783,103996.938,57121.72849,112338.0238,92742.48443,83415.87028,91135.18039,76331.4273,67153.69742,68238.40825,60970.88662,60226.14293,61140.41392,62954.63957,75121.41409,59236.49587,54927.83689,53148.77008,59393.86604,92757.14201,57817.74335,50285.60189,60875.86172,52163.76623,76593.69402,48909.29459,50979.9619,73006.71669,83051.33958,81437.16687,43627.13258,55445.82122,90111.43358,50637.21732,90231.18995,78419.5462,100166.1568
