,FOURTH WARD,SECOND WARD,DOWNTOWN,CLINTON PARK TRI-COMMUNITY,GREATER UPTOWN,GREATER INWOOD,GREATER HOBBY AREA,GOLFCREST / BELLFORT / REVEILLE,ELDRIDGE / WEST OAKS,WASHINGTON AVENUE COALITION / MEMORIAL PARK,GREATER FIFTH WARD,DENVER HARBOR / PORT HOUSTON,PLEASANTVILLE AREA,NORTHSHORE,LAZYBROOK / TIMBERGROVE,GREATER HEIGHTS,KASHMERE GARDENS,MINNETEX,NEAR NORTHSIDE,SPRING BRANCH EAST,SPRING BRANCH NORTH,EL DORADO / OATES PRAIRIE,SPRING BRANCH CENTRAL,HUNTERWOOD,SETTEGAST,LANGWOOD,INDEPENDENCE HEIGHTS,CENTRAL NORTHWEST,TRINITY / HOUSTON GARDENS,CARVERDALE,EASTEX - JENSEN AREA,EAST HOUSTON,ACRES HOME,NORTHSIDE/NORTHLINE,HIDDEN VALLEY,EAST LITTLE YORK / HOMESTEAD,WILLOWBROOK,GREATER GREENSPOINT,IAH / AIRPORT AREA,KINGWOOD AREA,LAKE HOUSTON,FAIRBANKS / NORTHWEST CROSSING,WESTBRANCH,SHARPSTOWN,WESTWOOD,FORT BEND HOUSTON,FONDREN GARDENS,SOUTH BELT / ELLINGTON,SOUTH ACRES / CRESTMONT PARK,BRAYS OAKS,CENTRAL SOUTHWEST,SUNNYSIDE,ALIEF,PECAN PARK,CLEAR LAKE,WESTBURY,WILLOW MEADOWS / WILLOWBEND AREA,BRAEBURN,SOUTH MAIN,SOUTH PARK,ASTRODOME AREA,GREATER OST / SOUTH UNION,PARK PLACE,MEADOWBROOK / ALLENDALE,MEDICAL CENTER AREA,GULFTON,MACGREGOR,GULFGATE RIVERVIEW / PINE VALLEY,HARRISBURG / MANCHESTER,UNIVERSITY PLACE,WESTCHASE,MUSEUM PARK,LAWNDALE / WAYSIDE,GREENWAY / UPPER KIRBY AREA,GREATER THIRD WARD,MID WEST,GREATER EASTWOOD,MIDTOWN,BRAESWOOD,MEYERLAND AREA,EDGEBROOK AREA,MAGNOLIA PARK,AFTON OAKS / RIVER OAKS AREA,BRIAR FOREST,NEARTOWN - MONTROSE,MEMORIAL,SPRING BRANCH WEST,ADDICKS PARK TEN
FOURTH WARD,0,13671.6392,4635.171944,35540.41551,27357.9762,48181.82161,53458.23449,37647.22612,86055.09509,9926.983271,14567.91525,24940.23043,31718.95883,48059.65717,19691.99745,12302.18975,21291.53332,51367.60715,12266.68518,31536.57669,53327.13,42351.68462,44264.69784,53702.78082,35878.56747,40603.27805,23045.45678,29230.6353,31199.99861,60584.60786,31549.24778,46210.38129,38810.91406,31753.52076,47294.87883,45409.7126,84382.30522,63970.84892,76267.27619,117281.1525,101295.718,50088.58802,60993.2069,45752.89185,58033.80155,63862.30445,58613.34359,72907.15694,44031.09841,54931.25145,45447.87519,32517.36448,66571.21623,31905.0866,96804.00438,45672.03559,35211.43872,47179.08743,28966.94423,32280.72011,22207.10931,22378.4459,38409.22722,46458.52984,14739.59969,33042.8383,15380.71539,24190.19235,36199.33131,12397.41586,56512.77078,8587.104665,23512.70395,15458.26412,10246.69461,39392.70622,13958.89642,3409.70902,24941.61576,38181.78947,61369.82429,25200.03455,14328.8484,58168.87637,4191.045536,59156.70263,55167.83901,77027.43988
SECOND WARD,13671.6392,0,4863.241512,13838.95146,39303.84468,54873.65541,39357.32339,23304.47991,97523.46454,20878.34451,4749.040024,6520.604917,13949.04212,26950.39125,29113.01628,17915.70642,14752.85658,44050.79988,10630.07737,41755.74223,64313.35003,24843.61595,55944.49645,37859.50631,22947.88342,51311.94395,26717.77249,36115.43258,23714.37773,71380.19851,28279.86857,33945.1495,44240.60421,32864.83905,51840.94205,39559.33262,90804.75942,65100.59965,73385.79666,110618.3236,89403.79931,58752.82041,74074.9005,57181.77184,69498.17675,69996.82131,66622.68426,56147.77378,40415.77447,64539.39439,49528.10256,30886.74738,77966.8698,15608.89444,78766.96846,54264.00806,43100.1941,57783.63733,34148.23718,24649.17541,26319.0352,18265.43599,22143.89942,27137.8796,20206.50613,44412.43188,13442.63254,10947.76722,15998.36433,21525.05556,68267.41034,15574.68259,5975.738033,26982.88747,7648.513414,51118.09124,2637.428228,10339.95339,33379.13407,47783.99263,43642.5831,4868.752218,25955.005,69755.21029,15959.2159,70609.85389,66206.47314,87946.58805
DOWNTOWN,4635.171944,4863.241512,0,26197.42699,30965.75811,49221.41373,44843.61182,28813.93635,89588.42794,13505.13758,5689.332514,15295.8875,23378.92826,38288.82565,22769.19031,12368.34289,13431.34414,44904.45371,7368.598032,35031.68329,56871.48734,32474.54027,47824.50762,45104.06784,26841.50018,43675.15539,21786.12569,30328.53659,23097.42803,63844.5687,26095.09826,37269.42957,38906.60352,29226.02267,45901.04073,38216.86347,85261.37583,61609.6429,71215.71747,110437.8043,92978.50189,52738.6751,64679.79804,49330.94765,61719.78107,65648.75071,61279.87077,63846.01811,38913.46029,58052.49911,45660.42645,28216.98783,70147.39832,24149.79314,87691.12312,48476.82929,37720.17793,50553.91665,30001.56245,25308.82334,22277.65259,18137.09496,31125.97372,37184.25228,15461.06837,36606.26509,10950.13714,15190.34792,26779.20924,15052.14859,60154.48601,9448.023103,14987.40016,19018.26112,4375.278965,43013.91838,5107.26633,3481.266226,27573.11937,41294.87082,52236.00519,15937.87507,17891.17655,61713.32398,7500.866382,62751.78732,58849.76352,80680.24349
CLINTON PARK TRI-COMMUNITY,35540.41551,13838.95146,26197.42699,0,61069.28794,74499.07031,33184.39431,20675.55661,119418.239,42992.88223,17311.32425,6554.469673,3096.812909,10704.11477,51090.58771,38547.89177,20042.76186,43218.32459,29185.67676,63802.80239,85658.90366,15181.18815,77044.16127,25468.52018,19217.4474,71326.06953,45024.4605,56615.64165,23396.99361,91522.22571,34739.87995,23560.7472,62252.59699,45651.05354,65113.96463,36110.06968,108425.6535,73614.67971,71993.59184,100354.5348,76327.40456,79949.52754,94353.55777,77376.21246,89765.15824,83377.9248,82802.73275,44637.65732,43798.14261,82730.46009,60210.66246,38397.28201,98017.2101,11896.08539,63879.35038,71648.80817,60320.43656,77069.22219,49960.36676,29095.22006,41719.90531,28409.1093,13159.3124,13135.85769,38964.82241,64606.22366,28671.88463,18054.74526,6314.777296,41031.911,89529.7563,36265.67263,11115.52527,47752.91116,24455.40336,72423.06937,17011.8257,32003.90107,51517.19786,66304.8433,33897.67122,5738.539417,47620.26903,91489.2143,37848.88453,92678.88889,88426.48096,110087.6066
GREATER UPTOWN,27357.9762,39303.84468,30965.75811,61069.28794,0,31241.18717,67079.16323,54812.98532,47721.95327,7969.90767,39044.82678,49743.60151,59074.96437,72884.08013,14308.03666,19995.24805,41470.66186,60025.2119,33588.86812,8476.012092,22929.32438,65260.89367,14998.34043,79273.69921,60358.14865,21610.11436,29525.67412,19375.55841,48689.70597,32450.0346,43364.18562,65067.73732,30193.98968,36732.41249,46616.36414,58579.18212,66058.92126,58558.10923,79841.65983,125046.361,115152.2996,25337.95661,34246.36893,13883.9602,30922.73549,48581.04343,42400.62555,89546.14388,52316.41266,29459.34345,36624.44067,40268.68797,32332.90032,55667.2283,114399.6932,30755.43078,25703.41793,21522.49939,29746.30281,46178.31911,29061.86506,37258.07601,62464.82952,68643.87074,28042.87438,9236.635566,32038.82571,44731.195,60643.68996,20076.46933,21352.04211,28662.5046,47502.74866,9846.642659,31884.82541,4779.021623,38703.67872,27744.11548,19841.89101,21127.62465,79799.20242,50580.81522,5638.942584,20310.90472,19565.93408,22190.88451,21358.10141,42406.23947
GREATER INWOOD,48181.82161,54873.65541,49221.41373,74499.07031,31241.18717,0,97947.37981,82182.22861,64232.89698,30638.96066,48671.04411,58808.60415,64269.73748,77396.78404,20962.36859,27568.22988,45005.05405,94172.55601,36393.65368,16879.39922,20192.46342,67345.70628,15804.03122,79888.40398,61106.95065,12525.77416,22007.26773,8664.719456,47562.3691,17773.75305,35230.5099,60976.05031,4885.393475,22009.8068,18871.13462,48704.59041,26398.41465,23919.21199,51778.6953,99230.48553,100768.7263,5507.945915,22946.99986,53650.26759,68113.46146,91131.5071,85176.16588,117300.1885,88524.90736,70735.43905,77776.88904,75029.48714,65646.8288,79345.17938,140784.2495,73668.32437,67119.82931,63947.17771,67548.21568,78294.24546,65077.30588,69088.83171,86265.97034,89783.6678,59380.61364,51741.86759,60211.17337,68719.26386,79194.87337,53919.43831,52038.81935,57691.11543,69806.29757,47689.21915,57691.9529,44177.41035,59864.73027,51947.7229,60417.07461,63826.92133,105930.3418,68625.13122,40729.62125,45577.69095,45015.98159,38952.66471,27239.89258,40596.91652
GREATER HOBBY AREA,53458.23449,39357.32339,44843.61182,33184.39431,67079.16323,97947.37981,0,6170.597808,116431.0459,55592.12544,46372.91428,38637.10468,42733.52625,46095.9489,68844.95795,59985.21125,57964.36384,6831.350911,55375.9505,77179.69047,100116.4413,57097.76309,91887.02081,65450.24958,60026.57206,92011.69316,72420.22578,77304.333,61706.41212,109182.7152,70094.09586,66045.38392,87110.91764,76791.09973,97555.76312,77478.0949,134774.166,108763.9786,113109.722,142530.4904,116838.6149,98515.3673,111387.0265,71058.93725,81904.95409,57216.70009,66477.33865,9427.091729,15067.06178,68052.92811,35069.30585,20302.41198,88033.47815,23331.51719,34201.968,57873.59983,49570.79465,69234.5638,39593.39508,14575.51752,35939.99639,26313.08706,17444.00776,11029.35782,41871.71961,65780.41247,32800.18867,23192.63103,27163.00965,47740.96907,87865.83677,44469.9743,28675.7724,54899.1755,34032.99126,70975.07855,36189.62851,46917.83872,48168.88352,56593.92955,10867.89534,32283.17622,57784.97036,90573.36104,49914.90415,94853.32706,94917.12535,115532.2668
GOLFCREST / BELLFORT / REVEILLE,37647.22612,23304.47991,28813.93635,20675.55661,54812.98532,82182.22861,6170.597808,0,107618.7491,39937.49507,30296.11469,23833.41889,28584.68431,35977.27431,53180.79623,43450.19796,42407.21132,11553.8496,39123.21205,62441.86513,86082.8116,43123.73829,77698.65827,53740.04721,45067.21067,76702.3485,56163.76627,60885.14675,46676.28756,94750.60709,54103.40192,52579.31081,70337.97371,60029.79039,81315.90495,62481.43632,118862.4678,92215.42417,98104.03115,129806.1533,105822.397,83354.38862,97086.71005,61613.25318,74722.05265,57419.48563,62580.59163,20439.1852,14476.75171,62668.74679,34524.08474,14404.27358,81359.52703,9063.206346,46170.29581,51618.54502,40470.66526,60991.45756,29733.9114,5912.095029,25224.39515,11427.11606,6781.401378,7263.570684,29289.89465,54448.59173,16952.96831,7386.645988,14436.70146,34139.73677,77608.49912,30370.6266,12778.2034,41022.68719,18112.88825,60083.31251,20015.5711,31533.10082,36770.55785,47292.76199,15293.53369,17741.52373,43326.81423,79988.12186,35047.22138,83593.87014,82245.77386,103588.6745
ELDRIDGE / WEST OAKS,86055.09509,97523.46454,89588.42794,119418.239,47721.95327,64232.89698,116431.0459,107618.7491,0,63947.04265,97441.69984,106900.139,117419.0091,124157.9122,65284.55075,71434.0815,98718.15455,107836.0337,91128.6793,52261.15435,37995.00481,120691.4331,44566.22558,136840.5142,118027.7639,53343.03103,81762.35509,62274.30193,104371.495,45753.54704,99165.51287,120413.3262,70926.06084,85221.63765,89374.08638,111063.0552,77985.66238,93955.74898,117374.902,164520.3642,160444.4049,48786.99651,40688.80507,34622.08134,38057.28771,66106.84977,62349.6467,132336.6293,96837.30211,44818.03889,66514.47242,91643.83484,19195.42759,112916.2735,163326.6863,59087.66599,68389.59617,45682.37226,76425.64283,99061.43133,79805.5586,91448.17865,119200.9993,124523.7097,80602.91285,52230.20365,88160.41779,101843.6758,117235.9898,76284.63644,22213.5828,85274.87048,104975.2614,63363.52364,89482.4862,37425.32648,97056.1608,86073.37311,68938.80778,55989.70107,134037.7142,108947.7304,63112.96971,16286.88484,78171.29938,10533.0905,20090.34229,14237.69533
WASHINGTON AVENUE COALITION / MEMORIAL PARK,9926.983271,20878.34451,13505.13758,42992.88223,7969.90767,30638.96066,55592.12544,39937.49507,63947.04265,0,20311.68013,30490.35447,40219.98635,47039.06177,5304.12338,5368.287251,22239.82934,54404.1138,14412.54877,9007.59475,32772.06913,43895.80503,24341.35548,60160.01939,41166.65225,23665.61027,16557.45647,14446.5049,29362.8535,40829.22671,25573.90569,45590.59561,25309.1968,25246.78698,38223.36671,39883.21187,67846.94408,54074.18229,70266.63207,111539.6782,96216.73193,29654.58883,43232.96098,28902.87612,47024.81327,60931.09745,53975.73209,74151.24306,47490.07404,43026.17158,44165.81103,36137.16264,48543.14163,41268.90536,97724.18281,40174.9566,31918.10894,35282.27271,30016.02144,37151.6282,25292.39497,27988.7759,48313.75735,53549.46929,18940.38604,19593.74992,19474.50905,28750.50328,43434.65317,14408.25033,37017.57886,16830.70657,32363.54007,10619.66629,18274.02461,20043.17081,22873.97306,12312.16032,23633.21474,30929.64405,67117.36183,33989.47013,4298.107234,36275.05803,5564.614993,36743.27337,32349.18998,54081.67956
GREATER FIFTH WARD,14567.91525,4749.040024,5689.332514,17311.32425,39044.82678,48671.04411,46372.91428,30296.11469,97441.69984,20311.68013,0,4417.967561,12722.23823,26350.98901,27105.63006,13674.22425,4568.907547,50745.96027,5206.227502,39672.00367,61602.12579,18433.97877,53566.31791,33468.4129,15112.13375,46942.15538,19132.90901,30586.37378,11520.4433,67393.42387,18082.07779,22706.67845,36808.66556,23400.61282,43328.93187,26492.15391,83465.90216,55397.42508,62590.59269,97783.38848,78605.36728,54103.60537,70449.29331,58778.9156,72895.51966,74473.22931,72006.08444,62830.25046,46468.53269,67389.1965,54196.90549,36520.07537,79520.18187,24634.62808,85005.96262,57547.85961,46879.31062,60121.49693,39384.82655,30995.45746,30692.98723,23861.17511,30698.92336,32928.22438,26266.00306,46112.19579,21139.90435,17624.45681,22917.72372,24240.05443,68861.35446,21022.90061,14843.44917,28515.4028,14674.01754,51798.43264,10886.47091,15080.69406,37308.40922,50625.97538,51047.20012,11890.55337,26485.30831,69789.85376,17902.19723,70248.32543,65094.40034,86328.86954
DENVER HARBOR / PORT HOUSTON,24940.23043,6520.604917,15295.8875,6554.469673,49743.60151,58808.60415,38637.10468,23833.41889,106900.139,30490.35447,4417.967561,0,3492.364805,17666.633,38335.24119,24890.21517,8188.875658,42827.90257,16501.97602,50875.98141,72951.49302,12245.31087,64926.17669,26210.9147,10750.98703,57937.17194,29158.3235,41637.57216,11986.16261,78299.97641,21690.666,17921.72798,46600.83957,30859.99771,52294.93032,27699.47082,92982.96529,61176.79425,61842.21419,94077.17216,73594.26724,65208.30923,81602.92607,66038.26328,82377.5603,77673.15301,78401.76993,50596.50668,42810.59299,73698.96245,56341.52557,35786.6119,86826.62312,17196.14588,66135.7204,64378.86953,52942.74341,68130.3738,43500.16388,27777.28118,34538.44867,24147.87666,21885.1409,23116.58628,33144.42611,54139.04645,21709.12703,17539.85179,14268.85861,31366.94084,77928.51779,28730.13074,10550.76544,37704.79583,19531.64756,60264.6928,12521.4791,23344.04844,44885.40958,56367.29088,42966.65054,4058.595634,35791.84089,79033.94593,28186.55489,80086.88738,75889.54259,97360.482
PLEASANTVILLE AREA,31718.95883,13949.04212,23378.92826,3096.812909,59074.96437,64269.73748,42733.52625,28584.68431,117419.0091,40219.98635,12722.23823,3492.364805,0,12730.58487,46343.29462,32659.20027,9599.660438,51368.99671,23035.19935,58762.79366,79770.5137,7286.918052,71406.32737,18539.68636,7123.002148,64134.55098,35089.06437,48350.4308,11966.05315,84328.97993,23210.65218,15581.91209,51451.32921,34261.30354,55100.12647,23819.05324,97028.41164,62023.25663,61211.03314,92245.52785,71032.8986,71664.68297,87842.09198,77774.38075,89483.9965,85827.75188,85709.8106,54569.57812,49794.54227,83491.07631,63513.18993,42796.31374,98432.64482,21344.11946,73689.48854,72517.52535,61181.79219,77671.71661,51036.99971,34499.74187,42832.40728,30391.41576,23704.43884,23243.22081,39862.54395,64983.89664,29533.44196,25372.14855,16916.64142,41492.78499,89071.85993,35485.06049,17362.30386,47931.00809,26310.61446,71988.40345,18895.98248,30177.31669,52242.28724,67001.40878,44723.05122,10351.36634,46660.28024,89912.65783,35875.04269,90009.16025,84368.59347,105278.2561
NORTHSHORE,48059.65717,26950.39125,38288.82565,10704.11477,72884.08013,77396.78404,46095.9489,35977.27431,124157.9122,47039.06177,26350.98901,17666.633,12730.58487,0,59305.00172,45773.65551,21250.89225,56756.84734,39469.64544,71905.15709,95503.97335,5378.755453,87518.50864,11311.46064,16642.0037,79644.59684,49120.60803,56485.6976,21375.83908,99642.32987,36304.65611,16108.00226,62519.7395,42580.76937,67836.11149,29972.37283,109210.3008,70750.08657,65901.80969,87826.98402,60673.78181,84752.83398,103513.826,87460.8203,105147.9165,96603.77161,99845.5194,49141.20698,59221.333,95951.56593,73224.2569,54023.94578,108133.8201,28821.33618,62354.35771,86011.27277,74360.96215,90779.19694,64458.94741,45180.43079,55643.45325,42341.64135,28164.06182,22556.31574,54870.61705,77294.16576,41917.54275,35766.42539,21121.71023,53852.80995,101271.6738,51044.73212,28247.1787,60829.62911,40623.54102,81598.41837,32727.91128,45973.86472,66678.22758,77905.41035,45414.15246,22713.53154,59056.70848,100687.1064,51460.36921,96637.62636,94226.7902,112007.492
LAZYBROOK / TIMBERGROVE,19691.99745,29113.01628,22769.19031,51090.58771,14308.03666,20962.36859,68844.95795,53180.79623,65284.55075,5304.12338,27105.63006,38335.24119,46343.29462,59305.00172,0,4791.473518,27017.04195,65782.42777,19529.53454,5207.977792,26221.29462,51448.99831,18490.3186,64979.37029,46343.4188,12608.18659,12940.52629,6145.244169,34736.92098,32319.7475,28433.55293,51074.56478,16391.1958,21747.61164,29260.68001,45135.29438,56235.30263,46331.35259,67618.52709,113064.8153,101879.7196,20029.45278,35055.72429,39237.86381,52320.13261,70120.53819,61298.66363,88567.71219,58319.90746,54105.46839,54628.86255,46197.3439,57038.69351,51598.48348,112436.2521,48521.33011,41410.49205,44311.40327,39577.4648,48295.2395,34975.85256,39010.92769,58666.91201,63428.7849,29260.03622,28689.01072,30487.64287,39849.17665,53016.87137,23937.54367,42213.45161,27828.6644,42686.88527,19104.00989,29150.91124,28782.32329,32630.2658,22835.39243,32134.8581,39272.55323,77823.90284,43432.23218,12477.78228,39583.35217,15054.0305,37285.59033,30406.04477,50985.14656
GREATER HEIGHTS,12302.18975,17915.70642,12368.34289,38547.89177,19995.24805,27568.22988,59985.21125,43450.19796,71434.0815,5368.287251,13674.22425,24890.21517,32659.20027,45773.65551,4791.473518,0,14105.50804,59673.89638,6038.455383,16205.32553,39562.68194,38371.54659,31604.87178,51414.77716,32746.0101,24695.39106,5792.377702,6679.67749,21257.35231,44979.72216,15049.44993,37651.00451,17262.52599,13329.25576,28227.35571,31293.36905,63585.52243,45555.03335,58332.60001,100681.138,88263.20161,30683.93485,48065.80809,44440.06153,59206.67588,72083.16808,65241.97743,77962.72318,54336.79229,57511.11816,53526.53565,41909.72881,63106.49769,42053.59192,101241.878,51103.85333,42514.70518,48381.57687,37841.97777,42793.70558,33908.86871,34704.8573,48963.68876,52617.8412,26093.26938,32704.40675,25228.6984,30034.75666,42053.87555,23053.92563,48921.07965,23227.60069,32566.8814,20141.80478,21038.52131,34659.02948,22744.36322,16028.23195,33293.34915,41613.67892,68573.70376,31893.11814,13807.18214,46973.5805,12121.9994,43466.22952,38466.88854,56906.28173
KASHMERE GARDENS,21291.53332,14752.85658,13431.34414,20042.76186,41470.66186,45005.05405,57964.36384,42407.21132,98718.15455,22239.82934,4568.907547,8188.875658,9599.660438,21250.89225,27017.04195,14105.50804,0,63876.2511,7051.774063,39226.02691,62450.14507,12353.52886,54317.34733,27850.70496,9294.724443,46267.32686,15806.34438,28241.27529,4774.654022,66282.45526,11114.99926,16568.36115,32216.38581,17083.71916,37588.64585,20055.32712,78645.93374,48677.01588,55655.77422,91857.90193,72253.99271,51497.60927,70130.69737,63219.25616,79335.00382,83960.66003,80305.25657,72174.39937,58847.60068,74062.48478,64066.53149,48123.93076,83665.74248,32402.6001,92012.27378,65515.85836,55553.40995,65842.12212,48367.61302,44122.43195,40501.83886,35879.00048,37368.25933,40763.05015,34965.40279,50776.02017,30994.4901,30750.27689,29666.47803,31828.90641,71687.48607,29752.22951,24615.50211,34519.87501,24090.43381,55026.21293,20932.85337,23343.63126,45483.66094,57398.63948,59215.21775,19129.85272,30366.38139,71632.5266,24065.24545,70968.64728,64783.59931,85466.55397
MINNETEX,51367.60715,44050.79988,44904.45371,43218.32459,60025.2119,94172.55601,6831.350911,11553.8496,107836.0337,54404.1138,50745.96027,42827.90257,51368.99671,56756.84734,65782.42777,59673.89638,63876.2511,0,56674.24561,71569.50112,92503.87198,66140.09016,84707.81328,77011.34499,67493.46583,87183.14039,73250.52104,74671.59522,68923.05576,102167.5186,69682.78348,71536.90193,85531.27119,74410.74276,97677.70468,84061.21488,131532.6787,106795.4123,113382.0038,146652.2333,123214.0146,92819.83725,104042.3278,61072.23312,68654.2321,40962.16083,52553.6789,28707.212,4157.188049,54279.13003,22580.11943,11990.00431,75879.72257,31072.34764,50751.8944,44381.03883,37785.07411,56638.42109,29223.33559,11069.64659,27087.04953,24764.96883,27840.22743,24970.31349,35089.26423,54661.33191,32267.59297,27495.8487,37606.85398,39372.48756,76919.11248,39852.85413,34067.71664,48524.20883,35202.83059,64592.18656,38570.99317,44461.92373,38114.21475,45202.4756,24875.11338,40357.14451,52507.10663,83293.4953,45852.60315,89368.46925,89673.26609,109946.4674
NEAR NORTHSIDE,12266.68518,10630.07737,7368.598032,29185.67676,33588.86812,36393.65368,55375.9505,39123.21205,91128.6793,14412.54877,5206.227502,16501.97602,23035.19935,39469.64544,19529.53454,6038.455383,7051.774063,56674.24561,0,30950.86885,51590.51295,31558.97812,43465.60544,42203.8839,22700.81915,36033.73042,7074.930843,19238.31246,13913.00194,56245.0371,9588.271923,30253.56561,23845.2221,11904.10876,31431.38844,24528.71874,71075.53398,44112.68568,54467.52961,95312.03506,81580.58084,42361.56502,59734.9859,54577.04615,68485.37006,76324.39461,70811.01178,73041.17701,52010.76175,64829.45507,54939.74304,40641.09537,75173.34992,35126.89074,95760.48938,56054.46148,46919.96481,56798.78279,39992.86849,38270.75374,33631.45695,31338.63568,41672.4998,44290.48727,26799.74015,42035.02033,24191.1264,25524.85348,33888.12953,23323.11612,63676.29476,22303.23716,24885.60336,24769.9237,17620.36091,46796.58567,16760.32047,14868.72242,36424.03535,48106.78157,61575.59085,23051.13502,21785.56559,64115.61455,14083.05777,63523.28919,56443.52878,76595.59941
SPRING BRANCH EAST,31536.57669,41755.74223,35031.68329,63802.80239,8476.012092,16879.39922,77179.69047,62441.86513,52261.15435,9007.59475,39672.00367,50875.98141,58762.79366,71905.15709,5207.977792,16205.32553,39226.02691,71569.50112,30950.86885,0,14369.72814,63753.60937,6358.018107,77030.28764,58596.57292,5389.850676,21123.6149,7218.760049,46131.7156,20424.61077,38581.80261,62560.02861,18221.89242,28520.13269,33117.63918,54926.27441,49648.46274,46319.60182,71210.27927,117857.0765,110969.9245,10201.70554,23118.20389,30994.92729,45589.64666,68076.09631,59717.9492,98217.19611,65983.37644,47986.13694,54210.19108,52738.06695,46520.54708,63142.18227,122467.0955,48112.62372,42124.97429,38594.99136,43865.31657,57363.16824,42138.32398,47994.6553,70191.46302,75422.81185,38384.01811,26399.22349,40635.96196,50626.36743,65214.13524,31128.80893,31458.5081,37798.13319,54251.52728,23299.45397,39859.67146,20073.83373,44709.11563,34022.17667,35559.04555,38345.5379,88801.45472,55687.93851,16284.09119,27551.15803,25496.8026,24241.28254,17080.53873,37825.37567
SPRING BRANCH NORTH,53327.13,64313.35003,56871.48734,85658.90366,22929.32438,20192.46342,100116.4413,86082.8116,37995.00481,32772.06913,61602.12579,72951.49302,79770.5137,95503.97335,26221.29462,39562.68194,62450.14507,92503.87198,51590.51295,14369.72814,0,87017.33525,3971.74438,97654.99759,79449.22051,10940.47429,40690.69437,23395.48615,67965.76352,7461.63924,57773.56499,83938.86872,29992.03752,46081.73097,44775.83678,73324.04685,43233.21706,53002.42718,80995.36882,128773.3766,127706.2575,8359.773609,4213.622851,36367.69625,46643.15792,78231.10445,68636.12537,121785.0668,84225.50412,54383.31904,68770.2351,72404.06841,43893.52793,84828.98327,146246.652,57402.91764,56899.22694,46689.24555,61472.80945,77621.5106,60746.70542,68198.67837,91858.06192,97288.35488,59003.5551,38576.99073,61790.72186,73976.60833,87375.50133,50720.01804,29876.27484,58892.76584,75942.81809,41209.02733,61217.75919,26880.9553,66600.93569,55665.86977,51289.45618,48363.99894,111033.3432,77581.95949,34898.13003,22472.32698,47015.45728,15918.83012,3848.469558,17897.60555
EL DORADO / OATES PRAIRIE,42351.68462,24843.61595,32474.54027,15181.18815,65260.89367,67345.70628,57097.76309,43123.73829,120691.4331,43895.80503,18433.97877,12245.31087,7286.918052,5378.755453,51448.99831,38371.54659,12353.52886,66140.09016,31558.97812,63753.60937,87017.33525,0,78587.42656,4569.182796,6646.893231,70581.03252,39932.46108,50518.91147,12569.52304,90241.17532,26878.6601,8495.406578,53134.79895,35669.66558,57418.16533,22574.22521,98750.01914,62503.01936,58945.03607,81201.13688,56270.42504,75364.24507,94409.31514,83920.17838,100999.3446,98389.03028,98494.07626,67174.28562,64319.00086,92889.9487,76772.88106,55962.2558,104595.5396,33610.62526,83873.68597,84058.62408,72886.58493,86850.36082,64022.12999,48544.61046,54733.25945,43854.83147,34861.24646,36680.5636,52466.87892,72243.02236,42204.94207,38424.67908,27762.21129,50175.53992,95060.04411,47611.72434,30253.22862,55798.46923,39235.59427,76472.53616,31880.10271,41984.04084,64276.70683,76142.77283,54834.38292,23342.1334,52864.61259,93915.78766,45881.51824,92966.91549,86849.00725,107629.595
SPRING BRANCH CENTRAL,44264.69784,55944.49645,47824.50762,77044.16127,14998.34043,15804.03122,91887.02081,77698.65827,44566.22558,24341.35548,53566.31791,64926.17669,71406.32737,87518.50864,18490.3186,31604.87178,54317.34733,84707.81328,43465.60544,6358.018107,3971.74438,78587.42656,0,89388.4231,71120.78795,3599.945574,32543.97655,14175.59978,58777.68657,9854.920624,49970.92583,74812.72578,23075.76868,37216.98044,38875.3409,64491.50068,44118.8595,48192.34229,75215.84237,122529.7651,119470.177,5585.953941,12029.58397,31709.31854,43597.98841,69823.33224,63257.90524,113441.3956,75405.0774,48059.46447,60732.12874,64532.79808,39739.41165,75624.21359,137847.1651,51984.14062,48898.5601,42088.38673,52611.87321,69352.92846,51707.7236,59059.4683,82636.50159,88832.77304,49748.64053,31430.82334,52548.74958,65513.82698,78933.32964,41492.53008,27508.91448,49625.93394,66744.52705,32115.07746,51996.4056,21056.19495,57404.47328,46503.62682,42862.47462,42222.93269,102596.4877,68464.74518,26373.24821,21307.41704,37876.43258,16575.6501,9522.555066,29541.69186
HUNTERWOOD,53702.78082,37859.50631,45104.06784,25468.52018,79273.69921,79888.40398,65450.24958,53740.04721,136840.5142,60160.01939,33468.4129,26210.9147,18539.68636,11311.46064,64979.37029,51414.77716,27850.70496,77011.34499,42203.8839,77030.28764,97654.99759,4569.182796,89388.4231,0,16606.14505,81616.02363,51953.97478,65682.83599,23697.7945,100683.6423,36294.74137,11139.1465,66363.66295,48266.04741,65230.52817,27685.86137,109857.8786,69193.10839,59801.33243,80121.46311,53433.56842,88455.10373,104359.7532,99889.64468,112381.8355,112374.2547,109886.206,71727.60029,76699.21056,108119.2212,90353.18568,69132.97554,120606.8206,42236.40493,86235.65761,97784.31157,86533.49161,101218.4825,76925.38885,61181.49314,68863.88571,57322.37925,43771.35234,42924.85273,63680.68298,87231.09857,55355.59256,48529.01056,35373.6215,65055.32734,109594.4439,58926.1519,40004.50259,69631.02134,50185.18446,92664.04523,42896.51232,53319.62775,76956.14611,91408.06253,59585.82796,33555.13984,67435.28888,109787.1229,57445.44238,109093.3995,102717.6634,123206.2683
SETTEGAST,35878.56747,22947.88342,26841.50018,19217.4474,60358.14865,61106.95065,60026.57206,45067.21067,118027.7639,41166.65225,15112.13375,10750.98703,7123.002148,16642.0037,46343.4188,32746.0101,9294.724443,67493.46583,22700.81915,58596.57292,79449.22051,6646.893231,71120.78795,16606.14505,0,63469.7998,33679.82943,47498.56066,5584.182148,82157.01587,17856.53117,6654.591846,47563.20776,29560.16557,46967.86648,13535.05848,91245.78919,53157.6141,50761.82391,81423.93932,61122.24254,69957.70529,85360.67145,81157.30003,94558.46438,96092.4984,94065.31348,72765.8551,64475.92033,90174.79618,75124.61501,55335.73006,101840.3068,35614.16922,91649.74533,80261.05714,69166.07824,82826.84845,60871.88911,48628.20993,52368.21228,42857.62518,38317.76126,41246.65977,48085.05898,68537.85591,40556.06763,36502.95273,31432.99445,47016.11428,90616.26885,42787.20765,30290.85674,50995.00444,36096.10045,73715.89731,30335.73077,36984.55728,59319.53872,73422.47457,59599.72454,22799.62831,48550.68192,90854.35024,39056.51013,90335.83581,84247.02394,104863.72
LANGWOOD,40603.27805,51311.94395,43675.15539,71326.06953,21610.11436,12525.77416,92011.69316,76702.3485,53343.03103,23665.61027,46942.15538,57937.17194,64134.55098,79644.59684,12608.18659,24695.39106,46267.32686,87183.14039,36033.73042,5389.850676,10940.47429,70581.03252,3599.945574,81616.02363,63469.7998,0,24422.08046,7491.167307,51007.90455,15597.7686,41132.51345,67166.4382,17894.55159,30416.35794,29325.03459,57436.07011,43871.09241,43780.03656,70521.83754,117822.475,112938.0174,6667.221832,17270.10186,40460.78019,51919.67531,80819.66254,68923.01945,112303.687,78300.68096,58389.64518,68966.01747,66999.63839,52122.41878,72584.31004,136237.5951,58423.70139,55525.59293,48707.60034,56970.00216,69833.73258,53903.16691,59515.87187,79657.4498,85550.95775,48884.85075,36710.76237,52204.75789,63608.49466,74803.41891,42425.79969,36879.96,48069.13633,63661.5586,34705.42165,49926.23897,30004.23367,53578.851,43620.23254,47917.78835,49816.81444,100898.9158,64332.127,29243.74844,31255.45345,35648.18069,26151.59762,16862.07224,36019.91083
INDEPENDENCE HEIGHTS,23045.45678,26717.77249,21786.12569,45024.4605,29525.67412,22007.26773,72420.22578,56163.76627,81762.35509,16557.45647,19132.90901,29158.3235,35089.06437,49120.60803,12940.52629,5792.377702,15806.34438,73250.52104,7074.930843,21123.6149,40690.69437,39932.46108,32543.97655,51953.97478,33679.82943,24422.08046,0,8569.153549,21350.96004,42767.37743,12801.97483,37743.03485,10188.98238,5340.674519,16909.62259,29942.84947,55772.42078,33547.71975,50106.40125,94571.63156,86102.90765,30546.01058,46817.67268,54377.70517,68571.15788,83239.67739,75755.64741,89943.39267,66672.38299,69062.81441,66504.80522,55360.98488,72833.76781,51533.39534,112376.8511,62561.08031,54075.0704,59405.95811,50611.27707,53592.71662,45010.72178,45822.5098,58199.18445,60787.1371,37386.77238,43765.59884,37431.04189,42576.68079,50457.3925,34209.46141,58469.47378,34321.33761,41379.23535,30801.31536,31527.16226,44033.84469,32374.8376,26847.47924,44172.61032,53559.51127,78026.12413,39427.09066,25334.98739,56218.48665,23473.32382,53791.91156,46291.94893,66139.99761
CENTRAL NORTHWEST,29230.6353,36115.43258,30328.53659,56615.64165,19375.55841,8664.719456,77304.333,60885.14675,62274.30193,14446.5049,30586.37378,41637.57216,48350.4308,56485.6976,6145.244169,6679.67749,28241.27529,74671.59522,19238.31246,7218.760049,23395.48615,50518.91147,14175.59978,65682.83599,47498.56066,7491.167307,8569.153549,0,32594.94044,25784.87961,25896.99031,47545.00192,5508.073148,11975.67266,20367.73187,37011.2852,45513.89308,34876.72314,54362.79864,99566.19207,92435.82691,11158.72618,29757.05312,43293.58169,59057.45327,78627.68402,71250.92004,94031.31763,69803.91693,59780.30048,64043.73327,56471.93666,59531.86171,60314.67023,117149.7776,58452.83618,50862.41056,50887.60388,49749.04691,59409.3532,46899.79278,50308.09102,67281.48634,71118.49082,40722.21205,36571.56666,41331.72024,48061.71085,60452.58978,35957.52924,44478.91042,38862.85162,50960.29251,30811.78801,38663.15271,33190.34196,40867.48238,32960.47976,43798.69748,49258.49055,86827.38381,50309.16318,23945.75481,40264.31458,26457.92401,35493.56474,25452.2247,42791.3589
TRINITY / HOUSTON GARDENS,31199.99861,23714.37773,23097.42803,23396.99361,48689.70597,47562.3691,61706.41212,46676.28756,104371.495,29362.8535,11520.4433,11986.16261,11966.05315,21375.83908,34736.92098,21257.35231,4774.654022,68923.05576,13913.00194,46131.7156,67965.76352,12569.52304,58777.68657,23697.7945,5584.182148,51007.90455,21350.96004,32594.94044,0,69838.7284,5751.769144,8546.503548,34224.58039,16246.40992,36025.38241,6564.838661,78190.38897,41161.75265,43160.47786,77567.06891,60579.84151,55502.33781,74452.59371,70801.11613,88665.67901,93580.30816,90090.21261,74457.49493,65457.24533,82229.42241,72340.23294,55589.74823,91008.31685,39819.68868,93498.77543,75323.5417,65412.69479,75281.58287,58176.51852,49752.26572,49529.34776,42926.57564,44007.16693,44554.89725,44826.86698,59624.96511,40345.34714,36107.75913,36510.61304,41387.41883,79780.84597,39545.51069,31885.82126,44233.58466,33648.62083,62113.90974,30069.62029,33203.67137,55351.82646,65808.9572,65301.11408,25930.92652,39646.64101,77831.19738,33825.70413,76461.60271,69765.9964,90118.14155
CARVERDALE,60584.60786,71380.19851,63844.5687,91522.22571,32450.0346,17773.75305,109182.7152,94750.60709,45753.54704,40829.22671,67393.42387,78299.97641,84328.97993,99642.32987,32319.7475,44979.72216,66282.45526,102167.5186,56245.0371,20424.61077,7461.63924,90241.17532,9854.920624,100683.6423,82157.01587,15597.7686,42767.37743,25784.87961,69838.7284,0,59072.81705,85450.91361,29559.73083,46938.81015,41151.53065,73968.66673,29195.33233,49408.61318,77710.50918,125907.5392,127261.5835,5123.001234,3462.849887,48520.30569,57366.68588,88098.75907,80709.55196,130529.147,94572.88427,65294.29003,79022.13919,81996.78273,52536.23871,92540.63043,154793.0798,69439.7615,67966.88452,58871.83697,71778.50094,86757.40922,70774.47184,77428.58132,99614.36985,105106.5824,67919.88365,49982.38775,70250.58142,82262.33375,94772.92852,60153.32472,42063.64799,67418.48463,83604.30311,51124.09757,69467.00365,36661.01653,73686.9177,63406.77489,62031.67559,60174.69577,119520.2793,84474.05998,44406.92934,32581.07465,54928.95906,24908.83952,12621.23511,20515.98035
EASTEX - JENSEN AREA,31549.24778,28279.86857,26095.09826,34739.87995,43364.18562,35230.5099,70094.09586,54103.40192,99165.51287,25573.90569,18082.07779,21690.666,23210.65218,36304.65611,28433.55293,15049.44993,11114.99926,69682.78348,9588.271923,38581.80261,57773.56499,26878.6601,49970.92583,36294.74137,17856.53117,41132.51345,12801.97483,25896.99031,5751.769144,59072.81705,0,19354.40048,21372.87593,4910.364114,24213.44724,7059.367311,65194.68661,27241.76581,34146.14929,74902.04436,62653.6417,45710.64505,63729.08287,66473.75,84207.00348,95575.44518,89164.43658,82459.32582,70518.81479,78813.99865,70149.70196,59475.12899,86494.96561,48914.79875,102770.3791,74563.95899,65691.10018,71908.55669,59215.55739,55467.25128,52879.07576,48701.47207,53921.47831,54938.0314,46105.44588,55864.20909,43529.64902,41910.47154,46212.06646,42676.32686,73581.41178,41645.84235,39674.00067,42578.78201,36690.18618,57468.7238,34714.86779,34186.27403,55370.84888,64851.33791,75112.31264,34872.32441,36701.34475,72682.43126,32862.3359,71283.03571,64127.22337,82403.07681
EAST HOUSTON,46210.38129,33945.1495,37269.42957,23560.7472,65067.73732,60976.05031,66045.38392,52579.31081,120413.3262,45590.59561,22706.67845,17921.72798,15581.91209,16108.00226,51074.56478,37651.00451,16568.36115,71536.90193,30253.56561,62560.02861,83938.86872,8495.406578,74812.72578,11139.1465,6654.591846,67166.4382,37743.03485,47545.00192,8546.503548,85450.91361,19354.40048,0,47474.18357,29907.83557,49412.82724,6956.725254,89227.52927,48383.98265,38358.50607,64531.12751,44725.11643,70766.15891,90167.7507,86937.39109,104417.9792,106421.3629,104709.3535,73848.42866,72584.08421,97165.3474,80926.17853,65348.3858,107263.9058,45375.30228,91716.57871,89976.86712,79537.63664,90815.19869,71765.21547,57761.74759,62382.83763,52484.49036,47362.79348,45168.79322,58892.05873,75362.71638,51496.22615,47499.30502,40337.68257,55749.75004,96062.19979,53597.17363,40796.95979,59572.57633,46953.63443,78446.68248,41239.11979,47671.57726,69939.76228,80644.16263,67812.88258,33506.37933,55358.69447,94210.40896,49162.2277,92498.27805,85359.73893,105086.027
ACRES HOME,38810.91406,44240.60421,38906.60352,62252.59699,30193.98968,4885.393475,87110.91764,70337.97371,70926.06084,25309.1968,36808.66556,46600.83957,51451.32921,62519.7395,16391.1958,17262.52599,32216.38581,85531.27119,23845.2221,18221.89242,29992.03752,53134.79895,23075.76868,66363.66295,47563.20776,17894.55159,10188.98238,5508.073148,34224.58039,29559.73083,21372.87593,47474.18357,0,8844.82606,8269.000802,35689.40199,37255.48581,16571.95229,42515.46927,89883.44039,88596.89397,14784.39862,34574.57026,53469.04536,70752.6775,89837.06185,82823.92268,104362.3916,80485.80108,70410.59201,75193.09736,67269.95994,68258.49647,68916.71333,127109.1819,70147.45504,62490.2028,62185.75966,60954.92549,69662.19658,57972.84583,60797.77128,75651.59323,78493.31356,51323.17501,48013.45899,51506.00754,57073.13987,68166.19383,47130.27201,55526.19782,49185.4509,59006.23771,42396.39745,48032.41303,44655.32882,49599.49029,42660.051,55412.69431,61110.04438,95462.8683,57212.46263,35536.59556,51278.40528,37037.58427,43829.98863,34475.18501,50500.39682
NORTHSIDE/NORTHLINE,31753.52076,32864.83905,29226.02267,45651.05354,36732.41249,22009.8068,76791.09973,60029.79039,85221.63765,25246.78698,23400.61282,30859.99771,34261.30354,42580.76937,21747.61164,13329.25576,17083.71916,74410.74276,11904.10876,28520.13269,46081.73097,35669.66558,37216.98044,48266.04741,29560.16557,30416.35794,5340.674519,11975.67266,16246.40992,46938.81015,4910.364114,29907.83557,8844.82606,0,11480.32734,19526.45956,51953.80903,16020.15777,32290.69428,77163.74248,73155.4844,32243.33429,51793.3043,61429.50622,77496.5756,92168.71589,85185.32073,89415.36826,73738.26969,75000.28614,70143.84831,61776.49656,79614.85735,56601.95515,109364.8107,71139.41293,62581.97348,66336.22859,58119.76771,60619.24696,54017.14864,53588.25501,62420.51774,64077.82306,46132.75909,50574.08348,44833.94391,46788.67492,54633.66289,43127.56163,64702.94456,42985.91628,46498.08532,40251.93847,39372.87464,51373.34812,39090.71746,35350.09649,53573.20782,61654.65449,83021.89092,43022.99785,33480.57085,61453.05261,32158.58515,57671.00014,48852.26522,66643.76483
HIDDEN VALLEY,47294.87883,51840.94205,45901.04073,65113.96463,46616.36414,18871.13462,97555.76312,81315.90495,89374.08638,38223.36671,43328.93187,52294.93032,55100.12647,67836.11149,29260.68001,28227.35571,37588.64585,97677.70468,31431.38844,33117.63918,44775.83678,57418.16533,38875.3409,65230.52817,46967.86648,29325.03459,16909.62259,20367.73187,36025.38241,41151.53065,24213.44724,49412.82724,8269.000802,11480.32734,0,35793.59267,40306.68268,13223.32907,37232.51154,84105.34402,86303.10761,30679.0661,45801.58221,71086.19623,83859.55742,104306.175,95490.19681,114934.7337,90462.35152,87288.29661,88536.98827,78964.91914,87098.22387,74845.52583,136958.7101,82676.63844,75506.90645,77159.10227,73244.80377,78096.95641,68541.09904,70163.68939,80888.23711,84625.98006,61081.58612,62052.41471,61553.52994,67747.85219,73089.96902,58052.12956,71888.43672,58496.33148,64537.03584,53805.14685,55861.70337,60163.04424,56330.71002,51152.29195,66958.13843,73447.64408,102480.7632,61448.77616,46600.74233,67452.26734,46892.84402,62898.62458,52195.45385,66511.48628
EAST LITTLE YORK / HOMESTEAD,45409.7126,39559.33262,38216.86347,36110.06968,58579.18212,48704.59041,77478.0949,62481.43632,111063.0552,39883.21187,26492.15391,27699.47082,23819.05324,29972.37283,45135.29438,31293.36905,20055.32712,84061.21488,24528.71874,54926.27441,73324.04685,22574.22521,64491.50068,27685.86137,13535.05848,57436.07011,29942.84947,37011.2852,6564.838661,73968.66673,7059.367311,6956.725254,35689.40199,19526.45956,35793.59267,0,77224.34481,34490.78089,21874.03702,55859.5927,45731.70835,59262.84812,78861.03656,81265.97422,100756.4574,108998.3903,104312.6273,89357.10981,79589.59605,94822.17228,85315.04226,70221.94759,100875.5173,54434.2184,107463.8131,89564.86651,80242.72151,88025.61342,73126.03276,64196.56051,65071.34737,57957.40969,57697.69112,58154.74531,59777.655,72029.48479,56139.79839,51843.53954,50569.77206,56210.18394,89959.46739,54637.5808,47360.73116,57714.9389,48998.29714,73597.55336,45774.74656,47788.39846,69817.13276,79884.41482,78865.94314,40835.51473,52319.35118,87396.70419,47455.25392,83187.57514,75295.11682,94177.64904
