,FOURTH WARD,SECOND WARD,DOWNTOWN,CLINTON PARK TRI-COMMUNITY,GREATER UPTOWN,GREATER INWOOD,GREATER HOBBY AREA,GOLFCREST / BELLFORT / REVEILLE,ELDRIDGE / WEST OAKS,WASHINGTON AVENUE COALITION / MEMORIAL PARK,GREATER FIFTH WARD,DENVER HARBOR / PORT HOUSTON,PLEASANTVILLE AREA,NORTHSHORE,LAZYBROOK / TIMBERGROVE,GREATER HEIGHTS,KASHMERE GARDENS,MINNETEX,NEAR NORTHSIDE,SPRING BRANCH EAST,SPRING BRANCH NORTH,EL DORADO / OATES PRAIRIE,SPRING BRANCH CENTRAL,HUNTERWOOD,SETTEGAST,LANGWOOD,INDEPENDENCE HEIGHTS,CENTRAL NORTHWEST,TRINITY / HOUSTON GARDENS,CARVERDALE,EASTEX - JENSEN AREA,EAST HOUSTON,ACRES HOME,NORTHSIDE/NORTHLINE,HIDDEN VALLEY,EAST LITTLE YORK / HOMESTEAD,WILLOWBROOK,GREATER GREENSPOINT,IAH / AIRPORT AREA,KINGWOOD AREA,LAKE HOUSTON,FAIRBANKS / NORTHWEST CROSSING,WESTBRANCH,SHARPSTOWN,WESTWOOD,FORT BEND HOUSTON,FONDREN GARDENS,SOUTH BELT / ELLINGTON,SOUTH ACRES / CRESTMONT PARK,BRAYS OAKS,CENTRAL SOUTHWEST,SUNNYSIDE,ALIEF,PECAN PARK,CLEAR LAKE,WESTBURY,WILLOW MEADOWS / WILLOWBEND AREA,BRAEBURN,SOUTH MAIN,SOUTH PARK,ASTRODOME AREA,GREATER OST / SOUTH UNION,PARK PLACE,MEADOWBROOK / ALLENDALE,MEDICAL CENTER AREA,GULFTON,MACGREGOR,GULFGATE RIVERVIEW / PINE VALLEY,HARRISBURG / MANCHESTER,UNIVERSITY PLACE,WESTCHASE,MUSEUM PARK,LAWNDALE / WAYSIDE,GREENWAY / UPPER KIRBY AREA,GREATER THIRD WARD,MID WEST,GREATER EASTWOOD,MIDTOWN,BRAESWOOD,MEYERLAND AREA,EDGEBROOK AREA,MAGNOLIA PARK,AFTON OAKS / RIVER OAKS AREA,BRIAR FOREST,NEARTOWN - MONTROSE,MEMORIAL,SPRING BRANCH WEST,ADDICKS PARK TEN
FOURTH WARD,0,22638.0674,9953.823057,40256.13997,38574.52632,67913.8505,67450.69345,53789.49834,123526.6009,23819.85057,24498.65087,35936.98551,35760.40108,61399.28822,30389.4692,24617.61877,31181.84425,62044.07063,22360.39262,41798.17992,61986.28761,54120.50443,51515.258,58704.41387,41622.4669,45108.94032,31534.15639,44931.42379,41837.39393,71517.54456,43065.46062,57706.97279,53838.95292,49725.62077,52203.05378,61885.845,93385.00317,77770.43317,93747.92885,140482.5722,142961.7913,64793.42763,66812.11195,57921.11136,63611.86558,77598.22672,62057.16886,91803.93688,54792.51581,69095.4779,60460.02552,44202.46132,82817.7762,37273.88125,118840.8811,55047.20644,44851.02037,56326.16766,38587.214,41238.367,29323.18407,27399.96424,43809.53501,55634.34516,20984.65709,39631.05914,20991.42306,33816.05498,43574.94012,21657.45884,66798.04194,12270.87208,30876.18605,26038.26814,19798.40025,49943.95903,20039.14079,7044.232103,32303.85572,48031.92301,67271.4044,32957.16228,24910.97789,70044.81392,10589.91657,89440.85351,76216.25614,102159.5976
SECOND WARD,22638.0674,0,13940.39999,22227.32709,50125.62139,74432.86421,54248.39887,36755.91636,135269.3346,33973.52793,13980.9065,16782.58662,21549.43303,40125.97932,39391.60679,33263.02234,20036.1014,56536.58135,21710.22087,51697.19166,72821.70815,35207.26009,64526.19805,43666.63524,29600.53174,59037.14901,35675.5914,52968.02538,33952.76889,80574.22294,39662.07349,46920.85645,59542.77488,52243.06249,59102.63129,57001.12423,100011.8518,79831.1499,92920.21619,133890.0879,136213.312,73845.72159,82242.55946,69523.79799,78457.3246,84507.34352,74057.45991,74835.81841,54860.63729,79643.7042,67851.32617,44921.42671,94165.7282,24864.79718,100172.6925,63359.85184,52280.26083,67271.85174,45128.95259,34496.56198,32982.87929,26677.98977,31609.8561,36907.24744,28280.97122,50811.15585,22020.01229,16902.90862,24440.56035,29244.43627,78564.94856,24274.98183,14965.23257,37488.4102,14435.38968,61710.18681,7419.360821,19329.10647,40627.90702,57882.59669,51401.45226,14700.4298,36629.56284,81718.44634,25148.27328,100849.8072,87541.2581,113427.8414
DOWNTOWN,9953.823057,13940.39999,0,30874.84447,42096.86652,68843.17277,59038.94657,44689.34246,127160.6693,27251.80616,14992.6621,26512.6,29410.31674,51531.96064,33346.46379,27221.83558,21651.58868,55714.54793,17555.65444,45216.78263,65542.47069,44184.27519,54922.25823,50748.52591,32572.7635,48705.75803,30666.26815,47018.61586,33890.44819,74539.94241,37488.49978,49095.51869,54155.56515,48046.81137,53424.64802,55175.11162,94420.85128,75949.42747,90216.84444,133558.9133,136006.9837,67810.55556,70760.44838,61546.37483,68594.16185,79973.21546,67691.21269,82665.12114,51693.16872,72492.74182,62934.11809,41441.83277,86399.50148,30221.30852,109689.8781,57787.27837,47278.41689,59806.28123,40665.90091,34353.99134,28840.80424,24960.98054,37126.14344,46462.93531,22974.18539,43068.50674,18324.72016,24665.97021,34148.00446,23914.82441,70445.62467,16541.93871,21470.86117,29603.00288,10923.44261,53594.28411,10750.43569,10777.89783,34944.39237,51231.26047,58124.37208,23533.05438,28549.89236,73632.82832,13819.65512,93048.21255,79855.99667,105811.2413
CLINTON PARK TRI-COMMUNITY,40256.13997,22227.32709,30874.84447,0,71906.18436,92850.0458,47801.9409,32330.21492,156513.9539,56180.64014,26291.03753,16524.42116,11679.04637,23944.2457,61033.47712,54859.93498,30600.37569,57614.83793,39323.86888,73639.64075,94304.37492,24294.70178,83154.81855,33909.2947,28536.10144,77829.03506,53449.83735,73795.65468,32515.99737,101854.0885,47762.78351,36436.8716,77234.88349,64832.75895,73956.19348,51679.94638,117768.0237,89013.40583,96212.47877,123402.6259,125619.2424,95155.85831,100883.8166,89755.92726,94775.66303,97920.10416,90291.77455,62942.79988,59495.8592,98627.39609,83006.80166,51918.5585,113993.1678,22467.51174,83646.59746,80195.61524,68616.03282,86808.14431,61014.80818,37265.9415,48888.29162,39873.40569,24105.29936,26786.0113,45558.46668,70243.15697,38151.123,28280.86176,17265.83974,47227.89005,99608.54049,40614.55869,19702.43682,57851.04125,31430.76556,82651.89698,22873.25896,35885.41196,58365.0818,76447.84844,44775.7617,13363.21159,57410.44226,103325.7333,41687.17843,122945.572,109700.5341,135617.5891
GREATER UPTOWN,38574.52632,50125.62139,42096.86652,71906.18436,0,48184.35727,82116.55262,71871.27963,85574.53713,28532.03929,50221.82904,60837.79325,70401.48474,86338.76834,26119.57837,32148.52742,53075.40361,70581.22382,44718.50731,21050.55841,34904.75981,77259.567,27614.98682,90563.9082,71578.01182,34334.39387,41224.91207,31236.25705,59357.35143,44880.98995,54698.28934,76730.87376,42644.63322,48968.71203,58162.95298,71548.75217,78682.88638,70346.39594,98251.00319,147909.4807,152494.2199,37724.66222,46508.09177,24258.78111,43842.10446,61123.14859,54665.28047,109573.1193,63294.41625,40981.2547,52408.61313,50508.60494,48434.58311,65964.33523,137037.4772,42473.56223,37251.74655,33962.71862,40471.35171,55995.52203,39550.06738,46797.41804,72543.347,78056.61743,37688.46563,21115.78044,42071.63522,55112.88291,70015.43949,29292.08941,31435.2165,38252.92751,57724.40089,19855.89995,42226.35049,17441.92715,49521.08489,38723.89335,30967.61556,33295.95627,89011.73671,61415.04683,16036.62896,31765.78328,30650.97863,51934.54258,39537.06606,65352.77644
GREATER INWOOD,67913.8505,74432.86421,68843.17277,92850.0458,48184.35727,0,116150.3245,99799.00095,103808.4564,47513.49224,67264.76529,77114.68857,81613.99483,92332.87044,39549.30027,44126.47717,62586.65604,112021.9232,54117.88839,32821.72564,31477.29534,83135.22055,29712.49158,95421.2193,76578.12418,28222.39658,39700.47759,24838.09521,63567.49193,27095.30225,48093.45242,73855.54701,15624.12753,35191.57054,26170.8921,63507.62782,37402.53172,33306.24275,70507.43074,120172.3145,130186.5653,17948.13459,32510.72065,69875.8948,82103.61423,106938.6769,101459.3235,135899.5907,107796.5327,86369.00046,95633.5769,94333.68853,81475.32863,99058.50242,162521.4296,90226.90373,84998.15075,80169.59648,86296.29417,97914.26965,84112.73183,88631.77047,105963.6074,109158.8037,78865.9694,69093.90127,79901.57863,86889.92537,98661.59579,72909.20104,66075.30111,77310.37917,89366.16206,65903.09237,77451.15935,59503.36267,79555.46993,71696.01084,78388.79217,80273.54193,125672.9879,87780.2843,58830.12222,58662.80318,64541.09601,60148.17163,48499.25276,69806.2802
GREATER HOBBY AREA,67450.69345,54248.39887,59038.94657,47801.9409,82116.55262,116150.3245,0,21573.12075,147317.9768,69760.86395,61335.62169,51762.25618,57809.26243,59147.58676,82577.23349,74072.5746,73094.80978,23942.55831,70120.04066,90458.83399,114128.2144,72003.13462,105742.4071,81037.71227,75093.09243,105387.6401,87149.01273,92323.02018,76828.30936,122832.1162,82303.25292,79209.77108,102344.6431,96430.29517,112301.212,93856.72588,148821.6133,123806.1511,135326.7762,165640.1971,167779.5787,111643.6182,125168.1951,87358.54817,98900.60175,70705.18079,83943.32257,28393.295,32033.55086,85348.97994,59127.89533,35995.41624,105183.8512,38027.65857,54930.34251,74957.11557,65698.41128,85898.93867,55565.78952,29069.51258,51438.98629,40138.0451,31564.55825,25333.84095,56476.16686,81705.06725,46932.92087,37982.6227,42121.4765,62246.61088,103992.5333,58078.64159,43390.02269,68810.63116,48186.17295,86308.60319,50662.85427,60505.15489,63449.43607,72643.00336,23593.99444,47141.79298,71256.40809,106332.0504,63092.50451,123347.2222,112012.9129,137204.5191
GOLFCREST / BELLFORT / REVEILLE,53789.49834,36755.91636,44689.34246,32330.21492,71871.27963,99799.00095,21573.12075,0,141425.1459,55014.09753,43542.81771,37306.47457,40209.29639,47159.38864,69492.49314,58786.54585,53627.95118,25306.29092,53794.18295,79322.91618,103181.6236,54992.40165,94758.81258,66238.27914,56470.13693,93280.94671,70760.00157,76488.10371,57983.83693,111731.1169,65916.71161,65922.05269,85649.93972,79528.56128,95850.96883,79388.19326,134612.5956,107085.4027,119390.82,153006.0862,155227.1993,99952.80954,114112.8698,78261.71813,90747.49726,71273.21973,77026.78994,38223.03671,28986.33012,79095.0047,59028.66338,27787.86612,97384.75929,19898.14794,65620.395,67466.68647,56746.14041,77309.57008,46162.33212,20214.61153,42145.62936,27636.86434,17850.52011,20200.84161,46251.04317,71518.0082,33001.70852,20382.28828,26768.96732,51250.45551,94543.5288,47270.05757,26384.90544,58032.60231,34112.76252,76261.93004,35334.33617,48137.36701,53583.47804,63468.2496,27658.32982,29170.42202,60274.3576,96503.91237,51942.13382,113245.1663,101061.167,126825.449
ELDRIDGE / WEST OAKS,123526.6009,135269.3346,127160.6693,156513.9539,85574.53713,103808.4564,147317.9768,141425.1459,0,102274.789,135715.7777,144430.4023,155930.0387,162927.1799,105309.3724,111584.6732,137927.6927,135863.4918,130292.9064,92352.52035,76986.73267,159821.7219,84530.68236,176089.7281,157118.3193,93578.27096,121955.0707,102447.8645,144041.25,83564.11608,138947.4056,160303.7872,111376.1017,125688.5965,129580.6392,151363.2324,111082.7276,133689.0613,157252.4557,189140.8313,194599.5373,87977.7607,77801.72844,67902.09981,67764.64685,88418.36386,84714.43913,162691.7327,125045.7636,66837.93284,91715.95392,123004.8107,48009.46955,147870.273,191904.0089,87590.31242,98606.19473,73600.38863,105914.2313,131793.4332,112650.0063,124099.5439,153587.2057,158482.5539,114025.0568,86483.53136,121974.7865,137887.5992,152713.4008,112016.6115,56941.62506,120925.6176,140696.178,98889.73151,125413.4402,73902.058,133667.5995,122295.5103,102729.2649,85687.96095,166137.1056,145484.1394,99116.47828,53832.99118,114883.7565,44143.59303,55403.55619,38172.78918
WASHINGTON AVENUE COALITION / MEMORIAL PARK,23819.85057,33973.52793,27251.80616,56180.64014,28532.03929,47513.49224,69760.86395,55014.09753,102274.789,0,33549.75346,43635.03767,53706.33914,60654.33332,15511.81767,16290.21513,35930.73175,65243.38245,28022.99862,28133.15098,52361.73288,57642.30074,44086.08535,73907.76626,54918.0867,39070.47249,26163.70168,22868.0237,42842.66929,59140.61959,38173.94297,59209.70405,38152.63502,41091.86271,45609.36639,56121.52076,79707.26787,65960.677,87639.30653,134733.8737,137221.7624,45499.10242,61856.2423,43679.08045,62919.37266,70216.9351,64551.60802,92765.28757,60333.10567,55787.79634,58305.40791,48067.56293,64902.93013,55720.6317,119542.1387,49778.18027,40637.88182,49325.93696,38895.81301,50999.65561,36599.53687,41621.3479,62788.03216,67835.7134,31877.21859,33845.57698,33690.97492,43137.00005,57536.24013,25396.3785,56627.82064,30905.11362,46780.72596,19272.92273,32768.44472,37265.93647,37082.28218,26580.30709,32197.32648,40122.68073,81669.20574,47972.27105,14280.76933,55853.84655,18180.07665,66912.38666,53590.19825,79456.16695
GREATER FIFTH WARD,24498.65087,13980.9065,14992.6621,26291.03753,50221.82904,67264.76529,61335.62169,43542.81771,135715.7777,33549.75346,0,20458.1826,20224.23675,40453.8987,35827.5026,29732.07895,13627.10504,62941.32731,13504.54559,48844.8919,69508.06458,30334.14096,61527.97363,41153.58992,22831.25705,54518.2877,27664.61516,47711.77522,20399.2426,75927.36453,29381.48648,34677.66167,51932.05127,43013.09045,52357.55256,44197.7152,92715.18295,70277.88209,82967.36938,120810.0931,123180.3423,69269.86246,77919.03062,70965.82235,83322.78459,88498.22039,82592.92175,81604.03402,60299.42132,82040.32645,71625.43352,50265.47951,95958.77127,33533.57059,106110.165,67885.81095,57328.51486,69398.6349,49774.87387,40914.23365,40320.82757,31721.94304,39786.00642,43658.96838,36631.17918,54348.28162,30524.54486,25946.68435,31868.01722,33543.101,79310.96037,31302.5818,23235.61526,39205.26862,24945.52044,62623.8391,20443.09184,25489.51675,47811.62394,60629.96523,59940.17266,20544.81299,37938.98058,81971.74365,27840.81577,100335.121,86936.79608,112696.9817
DENVER HARBOR / PORT HOUSTON,35936.98551,16782.58662,26512.6,16524.42116,60837.79325,77114.68857,51762.25618,37306.47457,144430.4023,43635.03767,20458.1826,0,12495.57863,31350.02065,50578.86843,41111.87954,27453.65328,57096.97967,31563.61999,62632.98882,87062.78049,24370.66631,78644.54478,35206.91717,27987.28565,74128.30202,47422.94283,58695.15392,29693.20821,94262.3672,37379.71368,30224.47629,62322.98873,50591.95218,71686.79528,45231.53691,112040.3653,77306.2625,85191.75387,117107.5197,119431.7555,80387.49318,96938.69885,78361.37707,89265.25829,92264.60814,88069.18703,63687.88601,58421.73053,88358.58277,75801.21257,50489.57046,102990.1077,30192.87964,85997.867,73420.32181,62655.99327,76057.26498,54656.98178,41026.1414,45174.71004,35377.37561,33425.22793,33477.14921,42012.21019,62005.91116,34337.95915,30241.45259,26223.51681,39130.65254,87648.8588,36769.2059,24175.78524,46325.97078,29907.44907,70747.40648,24175.80275,31400.52823,53393.48538,66503.54836,54744.95325,16823.42226,46262.03767,90952.69858,37023.78582,110367.2217,97127.29155,123052.3884
PLEASANTVILLE AREA,35760.40108,21549.43303,29410.31674,11679.04637,70401.48474,81613.99483,57809.26243,40209.29639,155930.0387,53706.33914,20224.23675,12495.57863,0,26006.10248,54479.48251,48552.67226,20226.17952,64947.89412,29379.90498,67634.35173,88113.27311,18763.71527,76403.43399,27167.92847,18537.53363,70254.38156,42559.05752,64952.76774,20942.33036,93229.9617,36084.07441,28189.16793,65990.18181,53196.0853,64591.1555,41135.10541,106355.5348,77415.74106,85031.97043,115272.6905,117575.4488,86701.02982,93719.60185,90149.34563,94131.10668,100480.3419,91573.54558,72939.08008,65059.89743,99291.112,84645.36862,56338.97748,114498.9467,31342.16024,93215.66145,81137.12532,69592.6756,87360.32248,62020.62332,43333.59043,49849.98198,41287.54036,34162.74667,36717.43406,46312.05385,70634.04185,39025.23768,32539.82681,27192.7172,47942.52034,99521.29847,40528.52605,26112.37891,58182.79682,32559.15058,82793.16416,26162.96901,34870.61709,59154.9005,77158.72126,55332.7613,18510.22429,57646.45962,102163.7943,41983.9223,119987.3222,106449.8429,132190.2833
NORTHSHORE,61399.28822,40125.97932,51531.96064,23944.2457,86338.76834,92332.87044,59147.58676,47159.38864,162927.1799,60654.33332,40453.8987,31350.02065,26006.10248,0,72890.69103,59355.28405,35771.72078,72041.95576,52935.34092,85750.77812,109488.4596,21821.08706,101508.5907,24815.57945,31398.57413,93997.60227,63635.74034,72002.41961,36084.98215,114188.8988,50858.10406,30069.02836,77355.03279,59939.57279,82894.7962,45903.20074,124331.725,85831.95554,90297.26119,110004.7163,112040.5261,99298.69115,117837.4703,100923.6359,118582.216,110044.5248,113034.6128,64692.04278,74991.11214,109398.9596,94005.38625,66356.0001,122234.8432,39644.79201,81522.53637,99309.17839,87596.3179,104197.948,77500.03154,57467.73779,68800.10958,55209.0979,38156.06606,34486.33589,68126.76707,90729.05149,54872.72636,47476.28287,30960.53614,67221.36997,114702.7535,64400.87606,40857.73006,74243.02731,53793.20169,95030.73144,45760.53286,59331.28166,79981.93269,91253.79971,55452.23681,35660.07342,72398.45654,114040.9843,64914.2062,126470.387,112929.9226,138680.6298
LAZYBROOK / TIMBERGROVE,30389.4692,39391.60679,33346.46379,61033.47712,26119.57837,39549.30027,82577.23349,69492.49314,105309.3724,15511.81767,35827.5026,50578.86843,54479.48251,72890.69103,0,13945.97039,39192.93102,76876.86612,26428.48681,13395.36117,36894.67841,63423.26607,28699.07543,72395.87614,54180.09063,23901.65428,18969.75299,15019.93735,44350.96272,43684.14398,40387.56337,62660.94964,30376.1884,36479.04898,34272.56147,58894.44914,66256.89297,58223.9052,86080.87929,136034.8059,139787.744,34528.08218,46374.08302,50042.67644,59346.06596,81519.07942,66984.36617,107497.2671,68265.04337,64807.70768,68326.4619,56945.43422,73356.9412,62366.69731,134487.4214,57701.11783,50356.4621,52157.06139,46866.96258,58721.38038,44565.89436,49364.34007,69434.1938,74069.29915,39593.2647,37189.98703,41114.31559,49802.26304,63574.79731,33362.21836,52570.41067,38387.3997,53444.70521,26983.48605,39992.66291,38967.93944,43256.02879,33573.43473,39848.73879,47607.1299,88618.56961,53976.60714,21435.04188,52227.13648,25544.30361,66236.21804,52711.98005,78262.41491
GREATER HEIGHTS,24617.61877,33263.02234,27221.83558,54859.93498,32148.52742,44126.47717,74072.5746,58786.54585,111584.6732,16290.21513,29732.07895,41111.87954,48552.67226,59355.28405,13945.97039,0,28797.62839,70033.26515,20320.11992,26481.71015,50299.73878,50950.52267,42181.7749,66674.39036,48322.03724,36368.50625,13638.98596,20346.43593,33654.5756,56770.6134,28320.32516,49336.40768,31149.16558,31066.9537,38336.75922,45657.25081,75826.06187,58703.71879,75817.45309,123876.5168,126411.7605,42601.85195,59524.19838,55813.70898,69662.6758,83280.78254,74748.78921,96694.32754,64469.11649,69608.06735,67742.3958,53849.37333,79545.22775,56496.68119,122832.8049,60242.51276,51435.27833,57250.65404,45762.03401,53788.65665,41137.72282,44509.87734,63553.44676,68042.29937,34751.58789,41174.58372,35858.06984,43969.2804,57509.97815,30097.91597,59092.19692,33217.98571,47600.16714,28353.59288,34203.63307,45017.68022,37261.48424,28012.36616,41530.62122,50672.10444,82865.06532,47915.79649,24533.52386,58584.58975,20416.6667,72095.28886,58610.33252,83983.94494
KASHMERE GARDENS,31181.84425,20036.1014,21651.58868,30600.37569,53075.40361,62586.65604,73094.80978,53627.95118,137927.6927,35930.73175,13627.10504,27453.65328,20226.17952,35771.72078,39192.93102,28797.62839,0,75761.80981,19306.1837,51478.57774,74822.60234,24236.53202,66710.1587,38191.75595,19728.45526,58652.49562,28036.8517,44759.71988,14754.47547,78602.4617,22413.87268,28781.59269,47047.3154,36780.83559,47912.34899,37570.49053,89411.01487,63673.45014,76023.76068,114995.4159,117400.9871,66504.05503,82526.17911,75042.56722,90000.11458,97160.66393,89142.63819,91093.97909,71550.85921,87600.73279,80039.53359,61159.29395,100174.4364,39711.63832,111216.0421,74601.2011,64418.38528,76075.01039,58011.10923,54165.40549,47385.37526,42306.87102,45578.69776,53642.65728,43115.50784,61004.8649,36509.80429,36902.93982,37793.15567,41137.50436,83197.5572,37832.91002,30349.45823,44741.02781,31182.60183,66046.51102,26095.007,32028.84125,54408.90047,67180.77009,66179.23261,26181.63521,42423.87606,84105.71013,34493.53657,100550.5536,87007.92041,112663.9932
MINNETEX,62044.07063,56536.58135,55714.54793,57614.83793,70581.22382,112021.9232,23942.55831,25306.29092,135863.4918,65243.38245,62941.32731,57096.97967,64947.89412,72041.95576,76876.86612,70033.26515,75761.80981,0,67509.40248,83406.43875,105010.2375,79699.27997,97095.32484,91413.6817,80467.8099,99007.61745,83665.29371,87951.05009,81704.92708,114592.7674,81273.14116,84938.53311,98507.1791,93684.50711,107858.5368,95978.69338,143045.4294,121476.6311,134382.4278,169964.2497,172223.4495,105649.2343,116539.8208,73980.9728,80570.77997,53685.71079,62519.25135,50236.46801,14031.79344,69316.94284,44585.77146,23068.85552,91019.02037,45046.23372,71939.23784,56003.60892,50680.76347,68918.82687,41526.3625,22045.72928,39100.80458,35147.15923,42807.4302,40218.37928,46840.49315,67242.37659,42638.44455,39633.81576,51643.77038,51686.91521,88822.82058,51070.68716,47170.41558,60652.28804,46852.90973,76520.7295,50489.28796,55009.60421,50814.69372,57924.75257,39874.03118,54094.77373,64163.59014,95573.65194,57013.32925,116194.8271,106037.1972,130155.1037
NEAR NORTHSIDE,22360.39262,21710.22087,17555.65444,39323.86888,44718.50731,54117.88839,70120.04066,53794.18295,130292.9064,28022.99862,13504.54559,31563.61999,29379.90498,52935.34092,26428.48681,20320.11992,19306.1837,67509.40248,0,39676.67986,59023.61823,43534.72425,48781.56446,46996.14154,28833.87269,42812.30495,17091.28991,35608.35124,23124.43462,63910.45081,20722.2869,41861.78936,38740.2893,30606.42774,42297.71312,39893.82458,81095.82451,58416.52325,72963.15539,118473.6026,120977.8753,57349.81383,66112.80645,66536.05836,76479.07873,87695.61086,80336.9972,91849.18499,62915.81842,78649.71132,70571.64871,52477.94731,91645.24552,46460.05147,117093.0497,65655.21951,56775.20121,65703.44624,50056.00143,49310.92798,43776.37047,42335.8534,52952.85624,55144.21031,36898.98946,49169.90787,34368.2849,35484.23467,44989.64969,33460.40736,74229.67183,32464.95935,36097.56441,35306.14606,27738.78346,57765.33443,27743.90932,24951.41095,46271.845,57926.27223,72850.70254,33742.62194,33715.63873,76473.52638,23687.37816,92389.07494,78919.43887,104204.2659
SPRING BRANCH EAST,41798.17992,51697.19166,45216.78263,73639.64075,21050.55841,32821.72564,90458.83399,79322.91618,92352.52035,28133.15098,48844.8919,62632.98882,67634.35173,85750.77812,13395.36117,26481.71015,51478.57774,83406.43875,39676.67986,0,24448.96788,75713.497,16011.64447,85742.22249,67352.02557,16129.21027,29694.77433,18887.50286,55390.61305,32416.35382,49550.32855,74304.20662,30606.98387,40909.90268,40899.46329,66067.11611,60967.88502,57524.53421,89782.50334,139893.2653,146568.1187,23432.84492,34859.52224,40696.11662,53317.67287,77758.17327,68876.3979,117543.3372,76877.19728,56246.71647,69252.01159,63658.04526,62826.49636,73656.25616,144844.0561,57687.20352,52353.98298,47550.45357,54561.94784,68296.1293,52982.92655,58916.796,80717.55713,85814.62277,49272.6327,36354.21953,51351.19968,61081.50409,75500.27335,41980.92522,41499.42395,48539.90647,64721.10381,33800.60565,50482.00754,28752.93931,55050.05188,44464.13023,45863.15373,47651.36568,99453.78779,65926.8328,26766.53426,39940.57501,35923.64851,52888.56666,39361.72678,64874.30558
SPRING BRANCH NORTH,61986.28761,72821.70815,65542.47069,94304.37492,34904.75981,31477.29534,114128.2144,103181.6236,76986.73267,52361.73288,69508.06458,87062.78049,88113.27311,109488.4596,36894.67841,50299.73878,74822.60234,105010.2375,59023.61823,24448.96788,0,98892.99113,11879.16878,105720.2199,87586.88487,18300.13035,48607.48213,39855.91554,76100.54794,16841.10486,67665.70534,95931.73264,39489.29498,54866.40324,52671.7552,84201.11344,51355.48915,62752.92378,100123.3168,149663.6575,159420.4224,17390.46436,11604.38245,45964.93904,53991.20367,85540.26696,74645.88297,141376.6838,91910.51689,64305.55516,87050.96334,82077.07462,58728.17929,93469.24678,168797.1078,63487.66735,64123.68902,52186.05836,69222.38959,86357.62215,68647.35704,76502.16081,100483.098,106434.1449,67420.69386,45467.39814,70484.44612,84240.45067,95784.91148,58979.72363,36698.07721,67411.49613,84587.57904,49254.50923,69783.08306,33054.97992,75302.63983,64297.55865,58773.65536,54787.45317,118692.6637,86260.86917,43168.17176,30874.26382,55631.38763,34363.72532,21627.8775,45572.39548
EL DORADO / OATES PRAIRIE,54120.50443,35207.26009,44184.27519,24294.70178,77259.567,83135.22055,72003.13462,54992.40165,159821.7219,57642.30074,30334.14096,24370.66631,18763.71527,21821.08706,63423.26607,50950.52267,24236.53202,79699.27997,43534.72425,75713.497,98892.99113,0,90315.74708,16270.88494,18133.09973,82320.40943,51674.76826,67003.83635,23639.95506,101888.7232,38397.67587,21309.21394,67522.00678,54251.38288,68167.52438,38479.93857,109236.38,77869.41318,84777.51222,103814.3243,105944.6266,88746.4675,106139.4343,96024.45763,112602.5775,113136.0131,109263.7889,85693.25047,79423.77422,107517.4804,96641.7264,70351.01218,121065.9733,42778.89017,103123.7096,95000.57607,83611.55304,98383.02679,74279.05923,57981.68941,65070.05543,54103.96239,43331.8989,50815.30096,63370.69559,84003.80306,51903.50993,48122.56766,36012.1382,61487.2064,107019.3577,58826.91395,39790.25392,67493.44558,49602.41992,87767.21612,41842.31855,53317.2534,75431.63493,86332.8589,62540.98778,32949.34157,64756.82449,105989.4354,57712.41348,122592.1836,109049.276,134700.2764
SPRING BRANCH CENTRAL,51515.258,64526.19805,54922.25823,83154.81855,27614.98682,29712.49158,105742.4071,94758.81258,84530.68236,44086.08535,61527.97363,78644.54478,76403.43399,101508.5907,28699.07543,42181.7749,66710.1587,97095.32484,48781.56446,16011.64447,11879.16878,90315.74708,0,93893.39012,75726.3694,12702.06486,38704.70603,31248.14171,66844.14513,21067.46602,58804.39653,86619.09928,33334.13655,46607.23494,48165.34113,75315.20009,55850.07442,57845.32562,94070.69414,143993.5521,152435.4823,17715.09903,19541.22032,40579.04562,52804.23271,77307.23753,72178.44805,132965.3167,84804.95409,56890.06175,79237.24722,74091.80229,55554.93295,83365.04777,160366.5683,60875.17571,58370.773,51080.71279,62011.33658,78146.64697,61003.48088,67757.49047,90424.20622,97954.08766,58317.19711,40709.47403,62021.12372,75764.81494,86289.23638,50417.88969,36696.9011,57933.51282,74431.71171,41342.26626,61054.38933,29833.91988,64756.24381,54163.19248,52334.01494,51284.39989,109092.9395,75666.12033,34646.64717,31897.18656,45592.89324,45473.90214,32019.64796,57135.59478
HUNTERWOOD,58704.41387,43666.63524,50748.52591,33909.2947,90563.9082,95421.2193,81037.71227,66238.27914,176089.7281,73907.76626,41153.58992,35206.91717,27167.92847,24815.57945,72395.87614,66674.39036,38191.75595,91413.6817,46996.14154,85742.22249,105720.2199,16270.88494,93893.39012,0,21357.66476,87431.14027,58293.53741,81537.32453,33156.47686,109496.5084,47526.45135,22149.56519,80021.42405,64955.93759,70402.16672,39113.02825,118965.622,84683.03948,86046.73101,102366.5369,104416.9269,103145.6768,109533.9198,112084.6992,117746.8274,127067.909,114480.8415,89505.78703,92162.40372,123154.0613,110844.2766,83504.34982,137066.5752,46374.29204,106059.478,106779.2455,95471.8128,110552.1108,88077.6506,70243.97203,75824.91994,67910.07366,49587.11691,57652.28512,71381.24029,93797.06378,64787.99463,53510.32628,39894.79148,72809.10636,120156.4689,63830.24267,45304.40899,80310.68421,55907.01259,103621.457,47178.8216,58248.87817,84202.98374,101534.721,65801.68664,38376.19176,79057.23312,122258.1908,64493.37834,138591.9825,125057.2055,150614.8516
SETTEGAST,41622.4669,29600.53174,32572.7635,28536.10144,71578.01182,76578.12418,75093.09243,56470.13693,157118.3193,54918.0867,22831.25705,27987.28565,18537.53363,31398.57413,54180.09063,48322.03724,19728.45526,80467.8099,28833.87269,67352.02557,87586.88487,18133.09973,75726.3694,21357.66476,0,69367.51689,39582.31172,63108.36304,15268.40271,90749.43613,28914.65319,17327.67085,61138.81597,46428.04906,51499.18372,30667.32646,100432.206,68570.23569,74647.44393,104373.2344,106675.0491,84455.28496,91281.22013,93265.60383,100115.2025,110689.7294,100259.5233,91442.89169,79106.12154,104765.8524,94032.79344,69555.66954,118305.2523,41930.66027,110177.5305,89452.78463,78450.56016,92000.34358,71318.81013,58474.87019,59162.18244,52292.18328,44681.55608,54728.53493,54348.4665,75312.26183,48161.08233,43125.88133,37628.92914,55306.61313,101178.7678,49005.08966,36995.76556,61653.19424,42624.34899,84683.29169,37016.65207,43192.0725,66650.04277,83457.6097,65887.16414,29410.03112,60274.76561,103285.3549,46104.41925,120012.2992,106468.4672,132122.4583
LANGWOOD,45108.94032,59037.14901,48705.75803,77829.03506,34334.39387,28222.39658,105387.6401,93280.94671,93578.27096,39070.47249,54518.2877,74128.30202,70254.38156,93997.60227,23901.65428,36368.50625,58652.49562,99007.61745,42812.30495,16129.21027,18300.13035,82320.40943,12702.06486,87431.14027,69367.51689,0,30676.72047,23181.05531,59299.95971,26724.60929,51763.84961,78980.18272,28757.72371,41049.94721,36896.37721,68186.77116,52016.79948,53773.95127,89621.32855,139531.8486,147071.7169,20058.11533,23875.18166,50098.9568,59380.07692,88843.848,73797.46277,131356.784,86013.50772,67535.81374,85368.00244,76086.06853,67943.64379,77034.90174,158385.1129,66059.94225,62456.27925,53678.22448,61165.6325,78874.12924,60724.7053,66275.02304,84102.08967,95083.96935,52459.65095,44477.22183,60313.79138,73371.14743,81692.40755,49214.98942,45790.92267,51888.66134,69861.13097,39045.2041,59177.60297,36635.99815,58694.20412,47876.33374,54447.77699,55436.55954,106829.5383,71205.92101,34844.68815,42922.07809,42306.30655,52237.26313,39002.35888,63751.13313
INDEPENDENCE HEIGHTS,31534.15639,35675.5914,30666.26815,53449.83735,41224.91207,39700.47759,87149.01273,70760.00157,121955.0707,26163.70168,27664.61516,47422.94283,42559.05752,63635.74034,18969.75299,13638.98596,28036.8517,83665.29371,17091.28991,29694.77433,48607.48213,51674.76826,38704.70603,58293.53741,39582.31172,30676.72047,0,24002.33364,30587.86161,51203.04129,24609.96328,49416.08434,24273.72318,18603.78938,25206.44568,41559.06415,65071.67056,46504.34182,68017.89059,117439.3029,122304.6002,44874.97115,54530.17216,65101.09116,74390.92029,95621.4743,82526.50119,108835.0147,77799.69814,79818.72295,80627.56865,67202.36879,89254.85342,60540.13405,133394.2765,71966.37352,63552.92287,67239.82229,58608.62031,62741.2077,52687.64153,54321.94593,67228.25752,70917.29879,45191.73904,52311.88225,44708.4542,50440.27773,59380.23793,42308.3662,68975.21974,42633.50587,50340.9898,38832.81464,40362.39434,54550.86886,41330.72301,35413.52807,51382.17787,62509.08407,87033.85839,48209.31505,36174.31952,68904.27747,31003.81414,82228.16602,68787.28479,93988.74197
CENTRAL NORTHWEST,44931.42379,52968.02538,47018.61586,73795.65468,31236.25705,24838.09521,92323.02018,76488.10371,102447.8645,22868.0237,47711.77522,58695.15392,64952.76774,72002.41961,15019.93735,20346.43593,44759.71988,87951.05009,35608.35124,18887.50286,39855.91554,67003.83635,31248.14171,81537.32453,63108.36304,23181.05531,24002.33364,0,48622.80747,43327.35061,40291.45967,62890.02885,20212.20689,24243.24236,27998.25718,51722.81416,59725.85468,46953.20211,72418.25707,122191.4255,127718.6365,28474.27748,47056.05224,53237.0186,69618.91968,88853.60617,78968.9317,112834.1562,83192.46969,68496.36171,77692.72255,69777.26857,75849.23225,76742.61039,138598.5204,66516.65061,60285.29305,59245.02162,61483.83867,73740.24658,59410.99157,64384.27738,83782.11573,88011.64903,54612.94229,44813.5116,56061.75671,64257.69243,77389.67108,48221.24514,55600.26079,53360.2595,67835.63424,41070.67207,54525.22583,42926.87019,57378.48272,48345.48359,53623.97053,56997.71849,103179.0225,67466.74796,34002.49197,52445.70088,40510.4088,60251.39109,47373.94168,71255.79816
TRINITY / HOUSTON GARDENS,41837.39393,33952.76889,33890.44819,32515.99737,59357.35143,63567.49193,76828.30936,57983.83693,144041.25,42842.66929,20399.2426,29693.20821,20942.33036,36084.98215,44350.96272,33654.5756,14754.47547,81704.92708,23124.43462,55390.61305,76100.54794,23639.95506,66844.14513,33156.47686,15268.40271,59299.95971,30587.86161,48622.80747,0,78585.87936,15897.89519,19882.32409,48185.88939,33410.05325,47181.69344,24347.25803,88699.55048,56497.55541,65036.04515,100440.7022,102822.9158,70340.66062,82637.59325,82443.94773,99085.13533,105574.9999,101032.6065,93099.5445,79420.26223,95475.97377,88444.7536,69121.52255,107571.2373,48919.26141,112493.691,86238.3387,76362.23175,85852.68612,69165.75955,59669.46109,60260.4094,52103.09064,53334.6688,56441.98413,55790.08781,70033.23136,50909.62206,46307.11291,45767.56295,52232.05024,89612.96716,50377.50656,41184.61655,54836.31435,44437.79572,73155.5979,40803.52477,44027.82405,66236.26678,76666.05949,74714.09582,34858.60794,50199.12306,90347.17365,44360.34377,105667.8688,92149.35281,117626.4372
CARVERDALE,71517.54456,80574.22294,74539.94241,101854.0885,44880.98995,27095.30225,122832.1162,111731.1169,83564.11608,59140.61959,75927.36453,94262.3672,93229.9617,114188.8988,43684.14398,56770.6134,78602.4617,114592.7674,63910.45081,32416.35382,16841.10486,101888.7232,21067.46602,109496.5084,90749.43613,26724.60929,51203.04129,43327.35061,78585.87936,0,68371.25846,97196.58931,38905.87781,57318.05779,46916.54834,84874.00907,38303.02676,59115.49202,97182.87186,147194.2672,157221.1854,15057.31033,12030.58823,58294.21254,66563.69779,95660.72609,91094.56907,149953.5484,105868.2511,75391.03773,97147.78266,92954.4656,67322.0241,103509.5034,177259.786,79860.72347,79046.86978,68867.01809,83043.71849,98040.89833,82070.76927,88699.20128,110581.3674,115329.8554,79172.80088,60889.48793,81429.88277,92374.43538,104830.6479,71435.7997,51394.53162,78604.36526,94570.8343,62407.3358,80598.57887,46488.49832,84511.80525,74443.95394,73197.27062,70814.36622,129541.6244,95233.57767,55702.38899,40566.17692,66028.63548,39544.76047,28982.58529,48872.36798
EASTEX - JENSEN AREA,43065.46062,39662.07349,37488.49978,47762.78351,54698.28934,48093.45242,82303.25292,65916.71161,138947.4056,38173.94297,29381.48648,37379.71368,36084.07441,50858.10406,40387.56337,28320.32516,22413.87268,81273.14116,20722.2869,49550.32855,67665.70534,38397.67587,58804.39653,47526.45135,28914.65319,51763.84961,24609.96328,40291.45967,15897.89519,68371.25846,0,30925.04765,33027.93218,17515.54438,34520.18037,19507.35798,75591.6345,41946.09282,53884.0548,98119.94906,100609.8224,58773.24621,73239.67531,77945.61652,96302.03738,107158.5549,100793.2429,100498.2748,81960.90431,91367.59203,85487.19471,70929.64451,103041.4508,61428.3901,123088.3951,86106.11445,77223.42184,83877.02792,70668.48925,66904.16999,64416.40968,60029.48869,66739.78492,67923.23609,57593.31621,67808.02796,55078.42619,53171.45909,58973.41037,54174.14893,84919.49499,53173.82451,51776.87635,54085.76114,48207.40646,69029.32577,46079.44837,45672.70638,66718.11343,76400.16397,87813.55579,47458.79234,48377.15552,85312.50358,44209.332,100152.9293,86792.17199,111535.736
EAST HOUSTON,57706.97279,46920.85645,49095.51869,36436.8716,76730.87376,73855.54701,79209.77108,65922.05269,160303.7872,59209.70405,34677.66167,30224.47629,28189.16793,30069.02836,62660.94964,49336.40768,28781.59269,84938.53311,41861.78936,74304.20662,95931.73264,21309.21394,86619.09928,22149.56519,17327.67085,78980.18272,49416.08434,62890.02885,19882.32409,97196.58931,30925.04765,0,59191.93572,42855.2007,60665.99817,20023.9215,101348.1618,63046.05363,64135.40199,87199.52181,89472.29483,83672.17591,102055.9627,98705.8659,116166.6731,119241.8701,116613.054,92344.95897,86014.35488,111367.3922,100299.6401,78480.38825,123841.2885,58653.62774,110538.5969,101826.3172,91702.96771,102519.3163,84449.49674,71057.87895,74998.48134,65585.46059,60474.96241,58079.66483,71035.93922,87042.62396,64559.11598,60391.00917,53342.30122,67639.99267,107729.5239,65636.73879,54287.41877,71171.62765,59481.82797,89736.2305,54338.99731,59594.92289,81768.66151,92308.72674,80729.23201,46663.98154,66982.10992,106670.0155,60721.39029,121337.2131,107873.3162,133106.4485
ACRES HOME,53838.95292,59542.77488,54155.56515,77234.88349,42644.63322,15624.12753,102344.6431,85649.93972,111376.1017,38152.63502,51932.05127,62322.98873,65990.18181,77355.03279,30376.1884,31149.16558,47047.3154,98507.1791,38740.2893,30606.98387,39489.29498,67522.00678,33334.13655,80021.42405,61138.81597,28757.72371,24273.72318,20212.20689,48185.88939,38905.87781,33027.93218,59191.93572,0,20066.67664,19193.24525,48185.88939,49737.31142,27882.51319,61202.75174,110864.0774,120427.7243,26711.87974,44002.35808,66534.64375,83888.10874,103763.8886,97288.1336,123262.7724,95207.79202,83512.99324,88929.24654,81721.7249,84408.06144,84337.86292,148275.1502,84520.80125,76733.04064,76552.39184,74771.77388,84619.78402,71988.77016,75514.42814,91150.79078,93876.45558,65859.13037,62337.70342,66377.61931,72404.74109,83553.49862,60937.01554,68090.94858,63935.84257,74386.33058,56621.38515,63225.00732,58254.12738,64905.95186,57700.73765,69659.90284,75746.76784,110930.1721,72476.0993,49579.04616,62957.32343,51462.71139,68965.47561,56273.94534,79682.51761
NORTHSIDE/NORTHLINE,49725.62077,52243.06249,48046.81137,64832.75895,48968.71203,35191.57054,96430.29517,79528.56128,125688.5965,41091.86271,43013.09045,50591.95218,53196.0853,59939.57279,36479.04898,31066.9537,36780.83559,93684.50711,30606.42774,40909.90268,54866.40324,54251.38288,46607.23494,64955.93759,46428.04906,41049.94721,18603.78938,24243.24236,33410.05325,57318.05779,17515.54438,42855.2007,20066.67664,0,27742.71399,32445.48848,68742.97437,33419.96015,49737.5023,99558.38238,106070.0294,43831.53289,61570.07194,72637.66584,92303.44383,108023.6752,101038.2734,109103.2874,92216.25593,88840.8631,84687.22325,79728.76355,96012.19742,76453.46417,129832.5621,87038.91763,78483.44548,81755.33904,74729.17609,79914.64264,71284.25563,72654.01525,82341.17584,83955.73257,63698.2265,66103.87751,62984.37123,66089.76339,74548.93766,60855.574,77889.63111,61030.88969,66248.2137,56614.66173,58102.35614,65545.63457,58349.31906,53558.22472,69838.05831,77548.70576,102907.9953,62890.21171,49421.46242,74219.64799,49496.93465,84295.49574,71185.71051,95477.12883
HIDDEN VALLEY,52203.05378,59102.63129,53424.64802,73956.19348,58162.95298,26170.8921,112301.212,95850.96883,129580.6392,45609.36639,52357.55256,71686.79528,64591.1555,82894.7962,34272.56147,38336.75922,47912.34899,107858.5368,42297.71312,40899.46329,52671.7552,68167.52438,48165.34113,70402.16672,51499.18372,36896.37721,25206.44568,27998.25718,47181.69344,46916.54834,34520.18037,60665.99817,19193.24525,27742.71399,0,46448.09307,49483.4968,25568.12092,55412.8922,105190.4106,114883.4477,41626.66787,52219.64034,81234.91088,91188.87624,115634.0317,101096.3305,133930.474,100901.2095,96374.47491,102383.1909,90333.27236,103380.1338,79127.5071,157574.3543,91803.36369,84610.2313,84403.53541,80428.90542,87200.53988,74864.68133,75134.59141,85270.89222,95987.92136,66189.78434,70712.72769,65663.84452,75586.32295,78590.56595,64863.2688,81752.17827,63517.70103,69596.24743,59102.40634,64148.96121,69652.13478,61675.28875,56031.92928,72312.1542,81288.5173,108079.7927,69188.93745,55557.22877,79691.55064,52769.20362,86084.91743,74185.07652,95788.62754
EAST LITTLE YORK / HOMESTEAD,61885.845,57001.12423,55175.11162,51679.94638,71548.75217,63507.62782,93856.72588,79388.19326,151363.2324,56121.52076,44197.7152,45231.53691,41135.10541,45903.20074,58894.44914,45657.25081,37570.49053,95978.69338,39893.82458,66067.11611,84201.11344,38479.93857,75315.20009,39113.02825,30667.32646,68186.77116,41559.06415,51722.81416,24347.25803,84874.00907,19507.35798,20023.9215,48185.88939,32445.48848,46448.09307,0,85978.28024,49365.48861,46950.96252,78613.41937,81105.75482,72238.93522,89739.82587,94853.59174,114926.6941,125939.3428,120188.2757,108008.7069,97443.42397,109801.5053,100931.293,87777.07022,117455.0398,72263.74533,126237.7606,105536.7952,96661.73387,102872.4362,89737.09501,82012.20608,82253.89687,75693.30269,75295.92123,74623.84679,76425.06841,86798.34798,73409.71518,69443.87123,68271.59806,72896.88446,102486.1524,71517.5973,65163.64975,73502.07114,66052.21311,87635.39579,63068.25771,64375.24078,86121.16275,95827.74197,96382.52991,58655.56302,67669.45506,99349.05038,63544.24101,111174.4157,97845.62255,122655.6777
