,FOURTH WARD,SECOND WARD,DOWNTOWN,CLINTON PARK TRI-COMMUNITY,GREATER UPTOWN,GREATER INWOOD,GREATER HOBBY AREA,GOLFCREST / BELLFORT / REVEILLE,ELDRIDGE / WEST OAKS,WASHINGTON AVENUE COALITION / MEMORIAL PARK,GREATER FIFTH WARD,DENVER HARBOR / PORT HOUSTON,PLEASANTVILLE AREA,NORTHSHORE,LAZYBROOK / TIMBERGROVE,GREATER HEIGHTS,KASHMERE GARDENS,MINNETEX,NEAR NORTHSIDE,SPRING BRANCH EAST,SPRING BRANCH NORTH,EL DORADO / OATES PRAIRIE,SPRING BRANCH CENTRAL,HUNTERWOOD,SETTEGAST,LANGWOOD,INDEPENDENCE HEIGHTS,CENTRAL NORTHWEST,TRINITY / HOUSTON GARDENS,CARVERDALE,EASTEX - JENSEN AREA,EAST HOUSTON,ACRES HOME,NORTHSIDE/NORTHLINE,HIDDEN VALLEY,EAST LITTLE YORK / HOMESTEAD,WILLOWBROOK,GREATER GREENSPOINT,IAH / AIRPORT AREA,KINGWOOD AREA,LAKE HOUSTON,FAIRBANKS / NORTHWEST CROSSING,WESTBRANCH,SHARPSTOWN,WESTWOOD,FORT BEND HOUSTON,FONDREN GARDENS,SOUTH BELT / ELLINGTON,SOUTH ACRES / CRESTMONT PARK,BRAYS OAKS,CENTRAL SOUTHWEST,SUNNYSIDE,ALIEF,PECAN PARK,CLEAR LAKE,WESTBURY,WILLOW MEADOWS / WILLOWBEND AREA,BRAEBURN,SOUTH MAIN,SOUTH PARK,ASTRODOME AREA,GREATER OST / SOUTH UNION,PARK PLACE,MEADOWBROOK / ALLENDALE,MEDICAL CENTER AREA,GULFTON,MACGREGOR,GULFGATE RIVERVIEW / PINE VALLEY,HARRISBURG / MANCHESTER,UNIVERSITY PLACE,WESTCHASE,MUSEUM PARK,LAWNDALE / WAYSIDE,GREENWAY / UPPER KIRBY AREA,GREATER THIRD WARD,MID WEST,GREATER EASTWOOD,MIDTOWN,BRAESWOOD,MEYERLAND AREA,EDGEBROOK AREA,MAGNOLIA PARK,AFTON OAKS / RIVER OAKS AREA,BRIAR FOREST,NEARTOWN - MONTROSE,MEMORIAL,SPRING BRANCH WEST,ADDICKS PARK TEN
FOURTH WARD,0,18875.08921,7389.914554,37345.75261,32221.17154,56585.37311,59932.2084,43908.68221,100768.6783,18976.8845,18493.06606,29022.13271,33862.46727,55444.75724,25847.54231,17749.0831,26129.38692,56859.06416,18380.72638,37339.89102,58178.46701,48437.02925,47413.23361,56287.9127,38425.81483,42750.57927,27531.18818,36818.78154,35888.18509,66303.25011,38305.91284,52192.67741,44970.28697,38805.45023,49686.70671,51557.74362,89803.71969,68542.17093,86856.11808,128307.5648,125269.1977,55194.57534,63881.5352,53088.58898,60936.20081,69017.55723,60394.23621,84231.40648,48218.20381,61248.67129,53815.26198,37524.89323,73110.39306,34617.42469,106625.2539,49675.3741,39745.20249,52160.34346,33001.76772,37995.36031,25493.21477,25128.75168,40725.14167,50316.5173,17933.74675,36281.47857,18028.83996,28423.59244,40025.24822,16876.11628,63123.49734,10129.29584,27301.72581,20355.99287,14433.49221,46513.46121,17567.61282,5561.117727,28464.00665,42477.76189,64921.80786,29371.63465,21176.56742,65737.65393,7026.826375,72890.49255,62499.17107,88781.69639
SECOND WARD,18875.08921,0,9733.520713,18867.82545,44376.33479,63677.06216,46328.56053,29553.2963,112367.4255,30189.24733,9266.210557,11405.36877,18701.78505,33865.63663,35086.61503,24298.61993,17305.52875,49552.67517,17141.66126,47468.33799,69612.23644,30500.88445,61235.30355,41066.509,26762.25029,56523.62045,31078.65585,44994.50507,29355.3111,76659.63253,35359.1731,40323.46502,49789.90802,40181.7937,55795.04315,45889.83468,96161.22306,70717.2112,84313.42172,120257.086,113926.6585,64315.24785,79357.34769,64613.06422,73659.88214,75566.02017,69396.88936,66572.47267,46228.68699,71308.02507,59017.04324,36412.01804,84678.67548,19931.18198,88862.12086,58295.48461,47357.81404,62997.74389,39019.44452,29548.23013,29339.67506,22254.24096,26689.21684,31545.40546,23533.82437,47654.72428,16781.09382,14186.95429,19776.80802,25160.89821,74862.87022,19573.32167,10211.00541,31924.80703,10266.37453,58232.51852,4933.983554,14975.77311,36707.1992,52207.12427,47086.26941,10099.38553,32850.15973,77321.18458,20859.09177,84338.85456,73402.606,99913.71775
DOWNTOWN,7389.914554,9733.520713,0,28108.93094,35813.00395,57925.22085,51437.26459,35141.56993,104317.3837,22592.33495,9051.613255,19505.84517,26340.84051,45786.52076,28891.94792,18411.54743,17318.29339,50451.43908,14134.19655,40822.33077,61774.47045,38551.50569,50900.2238,47927.58256,29743.30342,45980.84627,26231.40642,39003.2717,28244.60546,69545.9146,33144.17467,43374.55112,44640.26339,36419.76048,49303.30933,44385.89503,90642.93268,66680.0159,82107.94844,121012.1496,117113.8778,58185.52107,67676.6189,56698.80435,64417.59113,71209.72978,63551.58525,75141.57084,43680.5017,64516.22117,54735.51203,33193.9974,76731.56281,27113.96733,97536.56596,52487.79054,42185.85356,55606.83259,34704.77927,30556.78211,25324.36497,21630.67771,34056.13509,41063.43775,18790.62114,39843.30472,14835.47834,19331.38283,30608.87788,19248.30455,66756.1896,12973.16413,18002.10364,23935.32519,7704.358216,50130.00163,8277.386324,6664.0171,31021.94018,45601.06115,55791.83875,19995.64807,24778.77266,69271.43046,10391.75076,76453.20938,66160.16128,92365.0237
CLINTON PARK TRI-COMMUNITY,37345.75261,18867.82545,28108.93094,0,65605.43973,83402.28635,41095.68206,25130.64934,133972.0499,52255.00261,21541.98291,11456.94903,7713.857289,17591.70425,56874.31128,45403.78552,25359.20867,49055.72442,33482.39325,69513.4601,90727.8478,19796.11308,79532.95258,29031.83454,24337.45816,74237.59715,49019.03622,66011.30488,27761.48629,97141.737,40699.51476,29885.95252,67346.60243,53012.02275,69721.69136,41100.52095,113435.6033,81612.92823,82723.82811,109329.8041,100901.9366,85769.35514,97112.30108,84937.73615,92163.25907,89124.98212,86578.33924,52783.39158,50793.3824,89990.93251,72893.45863,44562.06956,104968.8917,17277.72633,74103.79826,75709.13097,64185.1974,82479.98555,54962.31429,32445.06017,45097.89579,34289.77164,18226.09557,19029.62894,41580.42101,67811.66402,32897.19251,23461.21055,11144.64199,44236.17222,96163.15746,38336.88573,15072.72829,52757.07281,27438.82371,79597.56375,19785.09417,33842.82682,54951.94249,70879.99349,38560.73342,9369.402222,54272.94897,99067.57932,39664.50311,106339.796,95582.85487,122115.4563
GREATER UPTOWN,32221.17154,44376.33479,35813.00395,65605.43973,0,37563.93864,73054.29175,61317.84437,62431.92136,20006.49154,43703.58474,54335.60505,63843.38714,80769.81284,20688.95464,25977.48153,47176.84961,64689.59516,38299.39492,14811.03591,28187.23452,71192.40083,20560.70082,84113.99699,65153.1381,27770.56073,35850.43641,25837.79428,53282.16185,38030.3613,48634.86247,70779.5096,36604.45586,42830.58866,53157.28714,64259.49286,72219.11066,63458.08937,88617.32979,137834.1419,138507.1867,31397.94792,39724.3958,19284.79515,37894.28401,55986.12977,49711.75578,101555.7876,57329.99569,35716.72596,43150.6057,44998.36405,38420.37719,60835.10761,123417.5339,37866.59104,31642.08361,28775.37802,34779.28047,50843.28108,33887.47301,41969.38937,67576.49348,73173.48682,32695.71127,16019.75313,37079.48403,49431.93213,64620.48019,24862.31737,25707.97171,33620.58477,52364.23428,14672.22703,37012.40724,11514.44371,43808.6797,32939.21377,25328.68746,28349.06461,84635.14154,55553.66185,11381.78801,27256.38485,24623.37816,35230.60153,28586.87104,52837.12785
GREATER INWOOD,56585.37311,63677.06216,57925.22085,83402.28635,37563.93864,0,104561.9039,88433.35414,80209.81231,36901.85249,57167.29139,67540.62627,72798.51317,86675.94735,27777.59814,33121.93025,53096.7197,100350.6822,44263.01974,22149.23873,25604.33507,74609.83873,20897.94317,88080.11867,69239.23597,17620.53091,30313.05242,15482.10524,56029.40704,22294.44218,42351.43726,67780.37448,10044.27497,27818.71055,22994.17798,56615.50162,32147.03406,28688.21684,59420.82638,113162.1406,118140.5421,10472.62201,27726.90261,58996.78748,73073.95545,96387.90041,90564.96422,128433.7901,95957.44283,75835.88385,85463.24951,82526.32022,73628.25514,88036.13494,150839.9694,79050.99691,73244.5194,69297.97782,74430.96765,86235.64173,72259.47026,76923.05742,95030.0347,98685.3556,67140.67176,57574.20988,68307.83869,75716.62791,88045.60016,61068.56372,57012.09175,65680.73018,78617.38385,54068.32137,66177.81871,49319.70464,68541.47239,60296.94102,66609.03596,69226.93473,114606.4736,77486.81836,47014.5541,50801.21539,52881.55505,48918.92262,33918.59989,54472.51922
GREATER HOBBY AREA,59932.2084,46328.56053,51437.26459,41095.68206,73054.29175,104561.9039,0,13833.70294,128430.2688,62008.63689,53327.13115,45614.91461,50674.96468,51996.82957,75219.76183,66285.53984,65301.95072,14403.35412,62133.40286,83336.10617,106136.9187,65137.69379,97916.783,74008.95945,67707.92561,98274.91518,79165.77156,84274.33504,69422.97047,115246.4773,76763.84502,72481.38222,93225.06385,84059.23904,104257.1424,85287.59978,141209.8609,114823.3878,124007.9454,151397.8922,141230.6093,104664.8896,117407.7872,77105.26478,88036.49197,63510.5518,72840.97058,20492.86611,21149.10882,74258.80822,48607.86923,26253.16419,94159.34157,30521.45257,42195.45168,64015.17638,55591.81194,75320.23587,45599.68982,20632.5572,41918.42419,32812.48897,24869.69202,18566.54242,47889.47279,71760.58588,39442.01801,30248.72435,35305.78321,53693.97086,93897.5049,50674.18723,35605.43684,60992.75352,40657.92566,76928.85937,42958.51986,53304.37829,54130.24026,62604.59263,17674.89295,39777.97442,63955.96021,96718.31302,56179.09384,106897.4187,102095.3224,125457.8201
GOLFCREST / BELLFORT / REVEILLE,43908.68221,29553.2963,35141.56993,25130.64934,61317.84437,88433.35414,13833.70294,0,120633.1867,47298.99009,36547.85493,30865.38348,34410.51545,41544.56866,59408.27206,49838.19624,48365.16429,17375.35305,45518.7305,68676.45685,92424.94122,48352.00838,84007.44164,58413.42821,50730.86978,82909.24428,62553.98593,68353.70868,52414.60917,101037.7192,60946.77904,59055.32367,76471.758,67309.01661,87699.47032,68242.68871,125158.723,97959.81245,108988.3631,138901.2714,130388.7834,89577.93047,103385.6271,69111.92559,81779.32531,63560.71445,69422.74903,31056.65992,21374.5702,70244.10057,48223.88275,20300.01568,88461.88853,14092.4215,53165.76702,58571.38568,47347.17449,67986.59878,36486.23214,12748.96867,32155.77249,17158.26028,11501.01557,13322.51663,35786.51908,60988.52276,23204.44421,13488.60797,19143.41171,40494.072,84435.90111,36577.54704,18920.37248,47309.55119,24400.28675,66780.88295,26403.7163,37681.54114,43401.20791,53787.02172,20966.34044,23086.51648,49563.79175,87162.40318,41266.92565,96523.22365,89665.23176,114192.0038
ELDRIDGE / WEST OAKS,100768.6783,112367.4255,104317.3837,133972.0499,62431.92136,80209.81231,128430.2688,120633.1867,0,79093.25454,112546.8918,121630.3957,132697.5466,139544.8663,81275.2964,87557.67971,114335.1571,119053.8555,106805.3697,68298.61905,53216.64936,136254.0282,60546.03015,152512.6364,133582.6293,69529.10776,97865.07232,78471.89545,120177.2788,60586.7078,115059.8709,136340.0503,87314.55032,101511.3565,105739.2598,127229.3893,90149.32147,110133.0724,133456.0683,178162.387,181950.7745,64292.50124,54723.79924,46981.60933,49382.83239,75926.86344,72127.82474,144243.7587,108086.8969,54409.57687,77024.90368,103945.1721,29178.0643,126438.2539,174806.0353,70237.15271,80170.24588,56617.8543,87896.97208,111655.3559,92355.75518,104064.4208,132498.4631,137666.5341,93336.33226,65130.24075,101121.2895,115828.5014,130982.4513,90086.94313,35097.13178,99020.55283,118821.5492,76980.61229,103377.206,51657.98918,111263.4301,100103.8502,81761.9467,67461.81085,146538.9752,123184.0972,77038.09617,30863.13477,92555.31583,22380.05379,32007.32545,23033.52298
WASHINGTON AVENUE COALITION / MEMORIAL PARK,18976.8845,30189.24733,22592.33495,52255.00261,20006.49154,36901.85249,62008.63689,47298.99009,79093.25454,0,29731.71837,39724.36555,49590.85945,56321.70102,9352.865535,10088.91546,31140.19177,59941.59396,23600.6226,19755.48484,44088.70842,52974.93058,35752.60691,69196.32522,50301.37183,31759.14731,20465.52974,17649.1827,37417.8652,51286.19182,32599.72104,53746.06487,31160.23908,32040.47702,41329.15506,46737.90546,73758.6669,58790.96328,80744.46593,122730.9702,120085.2353,38359.32263,53929.93734,35913.88994,55412.68884,65206.74861,58552.33578,85287.3837,52336.95695,48636.71872,51893.33639,41086.48589,55733.83892,49545.78307,107679.0662,44263.99064,35687.3207,42010.68822,32452.09042,43141.56415,28895.36819,33793.31256,56516.97711,62042.02979,24238.02367,26312.71447,26553.21441,37141.32206,52270.43983,17959.48138,48265.33335,23656.20539,40717.70241,14229.73686,25931.62746,29224.95342,31591.13211,20642.60759,26936.99822,34847.54238,74781.84901,42937.69451,8507.113586,47319.17263,12074.53275,50493.04152,41369.69044,65968.60757
GREATER FIFTH WARD,18493.06606,9266.210557,9051.613255,21541.98291,43703.58474,57167.29139,53327.13115,36547.85493,112546.8918,29731.71837,0,9570.618891,17016.41099,34802.56952,32152.61941,20128.66736,9427.525046,56241.50835,9608.478654,45122.78525,66247.42087,24441.40868,58004.63637,37462.8877,18874.8762,51280.3412,23114.30581,40131.9616,16606.19672,71720.24629,25057.77738,28773.83502,42027.51653,30790.51352,47473.0809,32740.23617,88640.14783,61378.07522,73494.0022,107620.1593,102494.9196,60109.14842,74849.73468,66066.43258,76985.03551,79636.7158,76066.12133,73017.00929,51927.49194,73956.01269,63241.10826,41767.16158,86045.80939,28841.57273,95170.62614,61572.03051,50947.06079,65181.122,43570.51609,36109.25816,34678.39886,28440.26438,34720.45781,37816.15129,30306.84066,49375.29275,25657.33674,21894.66744,26884.61732,28219.71243,75399.81818,24962.76777,19394.02959,33452.53544,18837.20239,58751.84027,15452.73019,19045.62042,41300.69996,54968.91213,55206.03149,15683.20306,33463.81665,77366.23604,21995.93783,83950.61797,71897.69277,98844.19949
DENVER HARBOR / PORT HOUSTON,29022.13271,11405.36877,19505.84517,11456.94903,54335.60505,67540.62627,45614.91461,30865.38348,121630.3957,39724.36555,9570.618891,0,7134.908707,24213.11518,43534.26602,31506.14512,15064.22577,48568.79824,21264.35204,56484.08642,78031.83288,18260.51159,69867.7399,30320.98702,17301.99206,63645.32478,35369.8473,51257.3203,18629.62286,84164.32419,28107.09353,24005.56104,51720.89301,38322.00944,59251.76282,34323.28116,99833.81617,68362.94846,72662.91141,103570.1649,97771.42954,71293.42768,87107.22367,73504.83283,85754.1802,83281.95843,82117.12906,57487.32238,49664.30998,79948.11922,66647.24346,42173.49202,93571.81439,24003.40844,75801.80466,67644.95514,56557.82702,71780.13013,48085.70803,34156.01655,38654.44335,28543.31465,28267.0209,29175.40348,36337.36191,57965.01333,27485.79289,23468.03183,20694.45217,34993.73858,84018.54568,32321.27137,17321.91367,41599.87768,23324.68719,67401.34771,17272.16143,27230.82948,47966.92764,60819.76675,49589.95079,10373.09683,42009.73357,86599.70568,32092.78608,93795.4948,82868.02773,109486.0347
PLEASANTVILLE AREA,33862.46727,18701.78505,26340.84051,7713.857289,63843.38714,72798.51317,50674.96468,34410.51545,132697.5466,49590.85945,17016.41099,7134.908707,0,20455.3943,51172.19506,39091.17901,15909.42088,56919.6334,25434.4636,64091.44914,85051.93144,13263.16231,73986.92221,22583.47721,13977.29375,67876.99909,38915.50801,57878.4247,16373.87718,89199.74258,29094.4006,21815.75511,56545.9035,41589.44112,60055.5741,31000.34278,101981.9495,69944.86846,71958.8405,101600.0437,95519.50768,77933.07558,90636.74314,85303.92156,91964.91819,91509.16518,89001.30094,62656.1928,56268.26352,90682.12936,74971.92113,48195.94657,105323.6672,27201.52472,83932.26299,76567.66525,65095.12444,83037.30307,55942.52256,39342.54918,46075.96154,35748.66193,29904.96902,29604.12704,42993.67124,68205.8935,33670.46811,29670.41864,22986.30462,44755.87802,95618.87409,38187.18987,22449.34274,52890.28017,29940.74762,78950.44283,23020.429,32629.75878,55637.24534,71560.93179,51036.57729,15035.59676,53630.25965,97478.21195,39173.75365,103772.1986,90980.50615,117990.8652
NORTHSHORE,55444.75724,33865.63663,45786.52076,17591.70425,80769.81284,86675.94735,51996.82957,41544.56866,139544.8663,56321.70102,34802.56952,24213.11518,20455.3943,0,67308.92313,53768.49786,30248.69868,63604.03726,47431.71887,80110.81241,103828.4496,12963.27197,95875.23898,15301.51562,26063.68936,88263.01702,57950.22287,65174.82687,30591.72862,108414.1356,45229.03751,22877.52186,71688.15141,51678.94157,77361.86886,39294.35616,118784.4372,80423.07807,76562.42904,96151.50014,84916.57311,93557.90262,112105.5114,94522.44684,111977.2436,102831.1168,106463.9192,54223.01361,66146.79759,102741.3425,84430.98379,60210.17553,115280.7663,34354.40258,72213.33111,92714.09843,81036.66083,97612.09743,71025.91252,51359.95309,62296.91877,48852.95828,32843.59934,27013.75901,61599.83359,84331.17555,48479.94884,41744.63049,25850.14488,60754.12614,108612.8195,57943.60613,34620.57708,67948.68648,47329.84847,88816.59058,39374.45367,52949.82511,73409.67172,84667.28821,49974.09703,29280.67937,66496.97345,108193.2661,58598.43888,110329.7424,102172.9495,124617.9095
LAZYBROOK / TIMBERGROVE,25847.54231,35086.61503,28891.94792,56874.31128,20688.95464,27777.59814,75219.76183,59408.27206,81275.2964,9352.865535,32152.61941,43534.26602,51172.19506,67308.92313,0,10164.84199,33315.92294,71246.88166,23449.21625,9956.912969,31761.50608,57334.52641,23809.67492,69423.10982,50988.75537,18703.05306,15770.76866,9787.06361,39299.27766,38318.47983,33883.82384,56800.0444,23469.21482,27324.60692,31955.1053,50956.52831,61824.76749,50997.0892,76270.57621,125619.6501,125522.6865,25344.73875,41034.94199,44778.69795,55777.96618,74361.63283,63589.24188,99890.6271,63763.71345,59225.00123,62439.37273,51263.73456,63388.27797,57808.59329,122311.1486,52448.93655,45921.06254,48247.62489,42608.85551,54109.6599,40161.43737,44766.54597,64872.72657,69584.03671,34998.66858,32685.80939,36485.05135,45237.33179,59133.31933,28994.27243,47739.23086,33763.06719,48879.65779,23338.83307,35301.36446,33351.48885,38787.21017,28973.66375,36298.34663,43471.37795,84004.63909,49543.44918,16748.65768,46719.89873,20962.0137,50665.17907,36874.17214,63856.81419
GREATER HEIGHTS,17749.0831,24298.61993,18411.54743,45403.78552,25977.48153,33121.93025,66285.53984,49838.19624,87557.67971,10088.91546,20128.66736,31506.14512,39091.17901,53768.49786,10164.84199,0,20355.01334,65217.2849,12219.18961,22232.66638,45628.79621,44313.46998,37625.64393,57698.31522,39088.82896,30476.2433,9956.437255,12396.15011,25981.12383,50810.19331,20983.66189,43335.41088,24094.83042,20380.65198,33327.82278,37173.59691,69252.58835,49891.00817,68667.84071,112682.9309,111716.2775,36342.0898,54016.5526,50430.66714,64102.12527,76208.3241,69182.72478,88938.8284,59681.83977,63024.51388,61572.71942,47037.93039,69278.6929,48349.09411,111264.1416,54887.78371,46244.95817,52642.72906,42263.72582,48407.13274,38631.01518,40020.44329,55334.79027,59287.58107,31140.52325,36264.01011,30608.39923,36091.64226,48659.83751,27811.85333,54665.18842,28505.66297,39099.73854,24313.3363,26777.33624,39436.70923,28894.55093,21511.11685,37497.94185,45820.87009,74891.70668,38797.41659,18290.86831,53038.91435,17053.55359,56740.59477,44559.11094,69569.59621
KASHMERE GARDENS,26129.38692,17305.52875,17318.29339,25359.20867,47176.84961,53096.7197,65301.95072,48365.16429,114335.1571,31140.19177,9427.525046,15064.22577,15909.42088,30248.69868,33315.92294,20355.01334,0,69321.80791,13427.77237,45587.51809,68886.17172,18383.16918,60712.92106,34407.10049,15750.38403,52657.11244,22092.72669,37719.59416,10101.45812,72626.34285,18060.31802,22653.56172,37306.13546,24586.94035,42835.70115,26269.49912,84187.9153,54984.06144,66566.70019,101837.8882,96508.93514,57723.68227,76523.74298,70153.14522,84677.13995,88513.95028,84782.18025,81046.79456,63665.67035,80176.79568,72597.21208,53074.20021,89934.07168,35471.87472,102303.3079,70038.41696,59763.56456,70917.7073,52410.36068,49373.32353,43690.90918,39072.40399,40820.43304,46626.44673,39112.95406,55607.44953,33985.54362,33848.17649,33050.99583,36352.35219,78068.10522,33745.26304,27217.14052,39580.85738,27629.30515,61566.76529,23719.43917,27768.37917,49960.741,61734.65868,62477.35231,22480.53206,37006.92131,79135.70903,29198.08913,84630.37527,71271.6287,98299.95332
MINNETEX,56859.06416,49552.67517,50451.43908,49055.72442,64689.59516,100350.6822,14403.35412,17375.35305,119053.8555,59941.59396,56241.50835,48568.79824,56919.6334,63604.03726,71246.88166,65217.2849,69321.80791,0,62214.9697,77343.75218,97436.89889,71653.62447,89678.579,82788.30366,72977.636,92475.84587,78793.84036,80194.33496,74406.44127,107154.2268,76040.44797,77035.51361,91052.8306,81688.59892,103213.7184,89554.79851,136895.0165,112195.4863,124306.9198,155955.6113,147834.2964,97999.37105,109004.7573,67528.69411,73661.11442,47771.61146,57345.97055,39024.09974,8401.660237,61186.13887,34352.39484,17012.22523,83180.02107,36754.24751,58826.01425,49264.81481,42954.01003,61599.13744,33946.98898,16521.62512,32136.59092,30299.93016,34367.95496,32913.39055,40353.34137,59589.01228,37799.59337,33017.04852,43212.87191,44309.96356,82457.61741,45293.09897,39603.14954,53712.96655,40716.00408,69778.45624,44093.54217,49989.10302,43081.15368,50265.6553,32940.42798,45952.39768,57828.98128,89636.37247,51307.13098,100578.2951,96825.68126,119508.6207
NEAR NORTHSIDE,18380.72638,17141.66126,14134.19655,33482.39325,38299.39492,44263.01974,62133.40286,45518.7305,106805.3697,23600.6226,9608.478654,21264.35204,25434.4636,47431.71887,23449.21625,12219.18961,13427.77237,62214.9697,0,35831.19355,56184.6239,37359.63917,46244.24012,45074.00543,25400.45619,39025.74159,12761.97185,28614.70728,18611.78027,59833.70504,16446.18149,35894.42952,29021.26499,19086.01665,37856.63486,30515.86812,76506.6644,49241.64174,65233.34528,106811.3955,105116.3903,48600.11739,62638.97796,61650.13807,72085.98105,82380.70767,75900.62771,83630.27818,58801.44676,71030.35854,63368.22017,47413.4686,81519.97356,41191.35619,105919.9669,61265.52333,52383.16542,61610.16758,45980.16854,44937.73135,40293.35395,38040.06333,47431.40409,49519.79781,32986.15434,45380.67256,30738.47058,31093.04586,39556.8862,29634.19137,70148.72042,28855.49774,30930.62342,29585.38025,24348.63266,53563.23874,23439.34674,21244.98071,42077.45512,52421.46627,67621.80407,28174.96813,28559.9484,71655.5352,19618.99685,77030.07608,62774.60227,89632.80889
SPRING BRANCH EAST,37339.89102,47468.33799,40822.33077,69513.4601,14811.03591,22149.23873,83336.10617,68676.45685,68298.61905,19755.48484,45122.78525,56484.08642,64091.44914,80110.81241,9956.912969,22232.66638,45587.51809,77343.75218,35831.19355,0,19276.51087,69589.90012,11386.77887,82262.24593,63894.43905,11197.96534,25808.09233,13229.68115,50925.85958,26156.08947,43422.2543,68204.27595,23912.18171,33071.42309,36682.1076,60275.66915,55568.78771,51700.22541,78932.68718,131129.26,133230.5578,15513.90564,28703.20223,35698.50752,49515.18573,72015.37617,64708.75543,109741.2128,71561.21202,52553.69936,61872.43423,58378.31895,53192.1367,69058.22186,132074.8266,53270.19263,47335.68817,43521.18227,49287.71622,63125.21883,47700.18136,53768.85325,76088.46288,81277.45794,44221.81078,31594.41594,46518.08481,56503.17383,71040.50299,36780.53772,36474.78813,43690.03091,60143.81244,28615.97446,45762.17435,24191.37235,50575.17527,39895.409,40780.43455,43391.21109,94727.08986,61496.01126,21654.10184,34229.31039,31353.38792,37409.24915,23587.12055,50528.11685
SPRING BRANCH NORTH,58178.46701,69612.23644,61774.47045,90727.8478,28187.23452,25604.33507,106136.9187,92424.94122,53216.64936,44088.70842,66247.42087,78031.83288,85051.93144,103828.4496,31761.50608,45628.79621,68886.17172,97436.89889,56184.6239,19276.51087,0,92715.88445,9187.701601,102883.7809,84731.81938,15558.38661,45888.92921,32646.84644,73118.09974,11776.8614,62649.62502,89528.74068,35660.95073,51344.75078,48520.66329,77969.68165,47593.6223,57964.26435,88731.65169,142575.622,147188.4997,12114.38245,6924.410941,41038.59375,50127.44928,82026.55282,71720.82664,133482.0467,87677.20528,58587.48771,76575.96929,76691.32023,52924.34811,89473.62148,155718.1568,60471.63164,60033.70576,49839.37858,64982.66382,82469.15434,64389.60797,72283.05925,96480.15919,102019.8038,63242.22143,41589.39776,66233.42903,78519.73312,91943.7273,54776.93282,33049.52261,63247.10757,80628.01052,45023.18112,65734.78276,30121.5084,71380.89968,60364.79604,54589.10884,51352.79004,114680.6875,82459.04814,39014.33379,25977.52837,51709.88097,21988.17971,8743.712648,30946.05563
EL DORADO / OATES PRAIRIE,48437.02925,30500.88445,38551.50569,19796.11308,71192.40083,74609.83873,65137.69379,48352.00838,136254.0282,52974.93058,24441.40868,18260.51159,13263.16231,12963.27197,57334.52641,44313.46998,18383.16918,71653.62447,37359.63917,69589.90012,92715.88445,0,84081.77296,10639.55231,12002.17073,76137.13243,45537.93939,60026.77818,17432.5748,95586.91024,32015.33513,15407.65054,58258.13253,42954.96942,62156.28697,28862.38713,103426.4151,70622.87513,69803.95538,89724.94366,80575.52875,80737.00822,99901.87932,91109.57096,107045.466,104137.1809,104346.7822,74252.00366,70634.28997,99493.08375,87365.65231,61995.91569,111023.6,37945.87039,93723.91849,89959.79071,78723.7878,92901.68695,69685.76345,52793.16002,60374.02345,48727.6533,38277.41891,42796.92099,58349.45238,78327.25622,47645.98591,43608.52098,31032.21952,56173.40404,101096.6587,53581.66829,35190.57104,61862.40358,44915.5745,83206.83089,37401.38562,47986.69847,70236.59837,81151.89201,57680.23386,28553.15895,58930.6681,101070.6241,51951.90882,106639.4743,93454.66872,120460.9297
SPRING BRANCH CENTRAL,47413.23361,61235.30355,50900.2238,79532.95258,20560.70082,20897.94317,97916.783,84007.44164,60546.03015,35752.60691,58004.63637,69867.7399,73986.92221,95875.23898,23809.67492,37625.64393,60712.92106,89678.579,46244.24012,11386.77887,9187.701601,84081.77296,0,92120.57964,73782.76584,6279.007327,35447.33257,23506.40601,64079.32496,15343.61879,52924.43225,80306.27205,27857.47093,42432.67193,42459.93996,69286.76106,49516.52622,53327.63659,82764.80064,136138.2669,139806.2801,10572.47925,15776.23901,37660.32113,48960.55069,74369.26983,69186.6579,125092.4108,80399.91484,53970.34816,68525.53737,68943.36926,47376.50057,79075.23797,147340.3608,57909.47343,54449.24517,48040.43714,57721.75819,74309.23858,56604.6242,63279.22525,86121.47142,92548.60676,53845.95177,37325.42531,56954.8707,70064.43406,82763.39354,45975.42022,32935.05039,53497.80988,70165.92835,37020.16865,55829.2495,26906.15129,60663.76271,49897.61866,48271.28823,48164.02438,106241.0452,71979.96959,30495.40254,26239.05314,41285.98707,30015.06571,15819.82351,42643.14104
HUNTERWOOD,56287.9127,41066.509,47927.58256,29031.83454,84113.99699,88080.11867,74008.95945,58413.42821,152512.6364,69196.32522,37462.8877,30320.98702,22583.47721,15301.51562,69423.10982,57698.31522,34407.10049,82788.30366,45074.00543,82262.24593,102883.7809,10639.55231,92120.57964,0,19495.89844,85655.30245,55595.37579,74995.79477,29404.94119,105958.6941,40688.72946,18213.64221,71806.50592,55589.43044,67998.20375,32128.39723,114373.7364,78324.55578,70498.15699,88474.41713,77723.22982,94879.87704,107255.7558,107163.5865,115150.9473,118052.4776,111951.8399,78537.45142,83329.25516,114899.4016,101431.5309,75300.47096,127090.7126,44269.21406,95765.09755,101828.6123,90681.15216,106323.9079,81926.23896,65091.8595,71943.44767,62422.15957,46489.32838,49471.95762,66576.13183,90506.35668,59215.39335,50506.84647,37869.476,68782.8474,116061.9461,61317.52352,43155.44245,74550.54652,52516.69613,99440.97886,45030.72186,55741.1137,80274.50785,95828.64534,62542.80985,35768.11083,74349.9226,117303.892,60737.08692,122733.2158,109155.9432,136229.732
SETTEGAST,38425.81483,26762.25029,29743.30342,24337.45816,65153.1381,69239.23597,67707.92561,50730.86978,133582.6293,50301.37183,18874.8762,17301.99206,13977.29375,26063.68936,50988.75537,39088.82896,15750.38403,72977.636,25400.45619,63894.43905,84731.81938,12002.17073,73782.76584,19495.89844,0,67524.86965,37278.35705,56715.07747,10992.05177,87356.718,22060.75646,11870.55409,53008.31345,36733.28995,48917.64193,19456.0549,95916.5795,61690.85782,61484.19717,90787.63558,84944.53368,76449.11698,88753.34393,88364.33445,97008.64521,101730.4437,96950.84418,80926.57677,70441.38451,96753.03523,85106.32782,61076.92673,108259.0467,39663.41815,101890.1595,84303.91264,73490.31303,87827.88579,65199.87963,53356.93953,55395.20855,47244.3155,42373.17435,47207.42547,51062.15173,71818.40284,44274.12646,40052.61259,35497.9194,50966.93901,97070.93667,45715.8736,34137.17007,55889.93041,39336.37735,80473.39312,34126.47181,39903.75934,62649.38744,77794.24477,63406.45673,26720.1027,55436.57001,98371.67514,42148.32872,104049.0473,90843.91703,117858.4336
LANGWOOD,42750.57927,56523.62045,45980.84627,74237.59715,27770.56073,17620.53091,98274.91518,82909.24428,69529.10776,31759.14731,51280.3412,63645.32478,67876.99909,88263.01702,18703.05306,30476.2433,52657.11244,92475.84587,39025.74159,11197.96534,15558.38661,76137.13243,6279.007327,85655.30245,67524.86965,0,28647.68538,15827.18324,56251.02615,21303.31688,45780.31737,72688.67204,22797.28804,35341.76148,34003.44781,62408.38693,49111.44677,49033.08956,78133.00379,131249.2769,134201.9848,11101.67516,20124.20706,45071.5465,55393.90237,84605.50942,70889.13931,123662.8071,81995.12231,62675.77637,76810.27731,71855.79947,60001.59319,74658.744,146073.5517,62195.93705,59365.87234,50930.36313,59148.5474,75312.81525,56995.08248,62711.23282,81729.06132,89635.28698,50499.1084,40994.64668,56124.88922,67937.24489,78451.73403,45503.7199,40806.72041,49777.84081,66496.18516,36689.61663,53710.9188,32973.12361,56821.00621,45586.97592,51258.09221,52925.9237,104449.8836,67416.64965,31804.26856,36976.4919,39184.07095,38002.41888,22896.28879,49117.21413
INDEPENDENCE HEIGHTS,27531.18818,31078.65585,26231.40642,49019.03622,35850.43641,30313.05242,79165.77156,62553.98593,97865.07232,20465.52974,23114.30581,35369.8473,38915.50801,57950.22287,15770.76866,9956.437255,22092.72669,78793.84036,12761.97185,25808.09233,45888.92921,45537.93939,35447.33257,55595.37579,37278.35705,28647.68538,0,17590.9332,26295.91205,47823.76259,17830.00378,43344.42111,15144.6058,9817.552531,21139.72963,35325.80145,60999.01271,37761.84813,59556.24732,107463.4554,108719.6917,37080.11933,50321.8639,60051.15666,71346.05691,87857.80461,79349.83271,100363.6786,70957.71606,74257.88907,74482.762,60255.33286,78992.13634,55911.52948,122531.7204,66555.03126,58708.14148,63343.61199,53897.19742,59049.06663,49359.25335,50411.1444,62523.2098,65191.53588,41571.88049,47675.54373,40770.44495,46499.16363,54726.6883,38685.88221,64211.47377,38830.42235,45697.2447,34972.85914,36067.77636,49023.01985,36817.93264,31366.77234,48326.42509,57888.8766,82380.79622,43594.35514,29639.13188,63376.02222,27514.27717,67031.69191,52592.31806,79311.41867
CENTRAL NORTHWEST,36818.78154,44994.50507,39003.2717,66011.30488,25837.79428,15482.10524,84274.33504,68353.70868,78471.89545,17649.1827,40131.9616,51257.3203,57878.4247,65174.82687,9787.06361,12396.15011,37719.59416,80194.33496,28614.70728,13229.68115,32646.84644,60026.77818,23506.40601,74995.79477,56715.07747,15827.18324,17590.9332,0,41907.56414,34996.09625,34287.54707,56488.4496,12630.34504,18686.45501,24183.94694,45590.21307,51611.63845,39713.1989,63278.11291,112586.289,114392.9006,20179.85304,39199.53589,48270.81108,63364.25405,82637.42348,75093.9354,104906.7097,75586.11244,64514.05454,71807.02351,62144.34796,66145.75582,68607.65081,127242.4539,62600.98044,55174.78043,54462.85819,54457.05175,65799.43366,52011.7226,56490.94827,75658.72585,79939.51187,46718.47414,40560.1868,48001.2789,56099.05937,69318.28948,40869.76655,49534.99776,45321.02243,59629.29998,35267.21773,46376.03707,36912.13868,49288.76092,40244.40174,48184.9017,53345.82034,95000.60445,59496.92138,28372.19211,46369.27139,32534.5113,46848.36876,33132.23509,56212.02257
TRINITY / HOUSTON GARDENS,35888.18509,29355.3111,28244.60546,27761.48629,53282.16185,56029.40704,69422.97047,52414.60917,120177.2788,37417.8652,16606.19672,18629.62286,16373.87718,30591.72862,39299.27766,25981.12383,10101.45812,74406.44127,18611.78027,50925.85958,73118.09974,17432.5748,64079.32496,29404.94119,10992.05177,56251.02615,26295.91205,41907.56414,0,75235.8773,11090.94386,13941.93601,39539.52197,23647.11222,41364.57003,12866.7316,82878.5037,49235.36246,54030.76491,87468.5897,83447.74834,61837.30699,79778.15882,77556.56975,93112.39816,98912.50407,94954.39281,82643.98805,71071.49668,88249.93303,80949.04117,60837.34435,97177.93524,45157.87379,103766.1498,80181.4552,70470.98616,79779.1061,63313.12217,54621.79677,54907.51604,47853.84276,49078.15257,49381.93213,49917.9285,64044.85148,45904.72499,41672.32339,41684.3833,46392.7465,84675.27819,44678.14188,37430.78196,48775.71921,38918.00881,68345.54072,35579.20084,38120.33047,60249.33169,70604.07178,70421.05303,31333.8546,44450.19589,85174.46331,38348.51581,90015.97309,76118.78923,103126.9765
CARVERDALE,66303.25011,76659.63253,69545.9146,97141.737,38030.3613,22294.44218,115246.4773,101037.7192,60586.7078,51286.19182,71720.24629,84164.32419,89199.74258,108414.1356,38318.47983,50810.19331,72626.34285,107154.2268,59833.70504,26156.08947,11776.8614,95586.91024,15343.61879,105958.6941,87356.718,21303.31688,47823.76259,34996.09625,75235.8773,0,62815.04566,91110.44906,35474.38028,52255.51018,43712.076,78335.59023,33196.5794,54138.00155,86040.92831,139918.8297,145024.1278,11182.75191,7012.44683,53019.16079,61513.79797,91910.54494,85438.94718,142091.9135,99990.54789,69967.31034,86712.21487,87170.44951,61581.01404,98262.01329,164418.1875,74187.45641,73145.44256,63405.09366,77177.38287,92339.93662,76254.40884,83028.4943,105323.7964,110228.2507,73559.98709,55023.19115,75935.0073,86741.67353,99789.1202,65706.7587,46357.81084,73102.17429,89325.43072,56586.33607,75164.01515,41042.86722,79406.25364,69123.5886,67305.19015,65048.73329,124163.8566,90192.62768,49929.61971,36210.03421,60640.52543,30652.48658,17436.76515,33708.47006
EASTEX - JENSEN AREA,38305.91284,35359.1731,33144.17467,40699.51476,48634.86247,42351.43726,76763.84502,60946.77904,115059.8709,32599.72104,25057.77738,28107.09353,29094.4006,45229.03751,33883.82384,20983.66189,18060.31802,76040.44797,16446.18149,43422.2543,62649.62502,32015.33513,52924.43225,40688.72946,22060.75646,45780.31737,17830.00378,34287.54707,11090.94386,62815.04566,0,25302.13276,27343.02748,11042.38983,28899.13634,11437.92294,69960.90056,34000.90502,44939.75022,86436.40047,85119.67041,52280.3705,67554.84791,73062.72363,89801.28184,102035.5291,95356.70065,91285.81059,77495.06821,84657.94059,78537.18283,66483.29356,92592.1211,55471.58886,113065.8295,80865.48186,72042.95725,77728.23881,65921.26992,62413.49496,59859.88941,55682.08116,60397.23672,61343.97964,52935.41695,61694.84564,50489.3144,48940.98395,52706.2711,49525.04947,79769.53061,48597.79998,46472.1044,48993.72075,43698.33435,63537.13219,41758.13926,41086.12577,61960.69006,71166.46902,81630.37223,41415.45841,42871.4488,80076.79866,39546.98169,84770.69557,70519.03647,96184.28694
EAST HOUSTON,52192.67741,40323.46502,43374.55112,29885.95252,70779.5096,67780.37448,72481.38222,59055.32367,136340.0503,53746.06487,28773.83502,24005.56104,21815.75511,22877.52186,56800.0444,43335.41088,22653.56172,77035.51361,35894.42952,68204.27595,89528.74068,15407.65054,80306.27205,18213.64221,11870.55409,72688.67204,43344.42111,56488.4496,13941.93601,91110.44906,25302.13276,0,53104.47375,35412.13528,55293.17369,14186.17141,95613.21705,56472.73746,48804.54237,73594.80068,67977.18899,76466.01187,95838.26557,93791.63262,110305.8742,112862.3455,110899.4699,81316.60806,79089.94239,103302.2703,91196.84224,71821.82907,113439.3577,51828.88225,101797.4685,96172.12281,85805.06031,96762.11193,78150.89307,64261.55878,68766.33486,58922.12691,53767.27777,51607.55214,65128.37724,81237.63559,57928.87354,53937.18664,46736.71837,61909.50372,101837.3708,59780.97387,47309.00405,65517.45905,53337.78724,84708.49492,47688.22581,53842.2,76084.46888,86742.3483,74135.00154,39956.42808,61236.07316,101422.7095,55095.86663,105942.6113,91702.22961,118429.1522
ACRES HOME,44970.28697,49789.90802,44640.26339,67346.60243,36604.45586,10044.27497,93225.06385,76471.758,87314.55032,31160.23908,42027.51653,51720.89301,56545.9035,71688.15141,23469.21482,24094.83042,37306.13546,91052.8306,29021.26499,23912.18171,35660.95073,58258.13253,27857.47093,71806.50592,53008.31345,22797.28804,15144.6058,12630.34504,39539.52197,35474.38028,27343.02748,53104.47375,0,14163.61376,13308.54797,40624.00483,42652.02936,21501.8348,49989.37293,103671.1879,107871.1661,20675.09631,40534.55265,59472.22005,76719.81655,96613.17661,90135.98589,115065.3124,87049.71166,76402.23358,82978.9015,73955.72272,75372.30029,74566.69952,137289.8412,77412.05037,69652.78242,69451.46909,67937.95816,76014.19116,64854.35131,67328.01023,81212.79322,83781.19994,57931.68255,55248.5619,57879.61211,62885.71981,73567.91677,54089.24906,61040.06011,55652.91487,64514.38405,49570.99201,54037.708,51187.56609,55310.01318,48838.9566,62600.41009,68447.584,101070.0826,62441.61332,42682.56517,56402.50031,43702.08097,55708.42868,40509.11234,64328.3244
NORTHSIDE/NORTHLINE,38805.45023,40181.7937,36419.76048,53012.02275,42830.58866,27818.71055,84059.23904,67309.01661,101511.3565,32040.47702,30790.51352,38322.00944,41589.44112,51678.94157,27324.60692,20380.65198,24586.94035,81688.59892,19086.01665,33071.42309,51344.75078,42954.96942,42432.67193,55589.43044,36733.28995,35341.76148,9817.552531,18686.45501,23647.11222,52255.51018,11042.38983,35412.13528,14163.61376,0,19211.30429,24123.58135,60265.23626,24946.29241,41355.17253,90459.79434,93334.17958,37514.2766,57067.14418,67222.14112,82935.13033,98360.7084,91414.05564,97755.07823,80884.56591,80456.72604,78269.72675,68924.33369,85931.29851,63944.82438,119613.9436,77536.59687,69090.88369,72164.58806,65016.02519,67916.6904,61103.88929,60834.16755,69823.18342,71475.19191,53175.02418,56532.01547,51959.81515,54073.65999,61993.7924,50190.34935,69972.88317,50088.67138,53845.88218,47026.35772,46562.80086,56058.72134,46376.09847,42484.2684,60377.15691,68142.44055,90388.54066,50446.23319,40095.7491,67982.61248,39142.13585,70152.47542,55046.36019,80330.37482
HIDDEN VALLEY,49686.70671,55795.04315,49303.30933,69721.69136,53157.28714,22994.17798,104257.1424,87699.47032,105739.2598,41329.15506,47473.0809,59251.76282,60055.5741,77361.86886,31955.1053,33327.82278,42835.70115,103213.7184,37856.63486,36682.1076,48520.66329,62156.28697,42459.93996,67998.20375,48917.64193,34003.44781,21139.72963,24183.94694,41364.57003,43712.076,28899.13634,55293.17369,13308.54797,19211.30429,0,39618.94271,45029.11686,17445.12389,44601.54842,97986.86338,102941.8635,36160.42599,49428.98903,76164.56173,87345.4724,108578.1551,97523.60958,125178.7131,94662.04865,92104.18013,96367.75441,83956.78867,93970.51724,77159.71485,147225.2065,86619.07233,80068.5946,80748.00467,76236.80834,83817.58524,70935.9302,72544.87544,83161.60672,89993.70737,63442.64909,66346.46074,64054.35764,71669.4006,76158.01307,60401.74879,76693.49603,60871.3833,67496.89681,56099.05101,59305.38111,64106.86831,59039.17362,53544.51903,69577.88044,77511.85542,105875.6846,65591.24445,49322.93929,73712.56308,50536.59748,74263.279,59121.00349,80439.46224
EAST LITTLE YORK / HOMESTEAD,51557.74362,45889.83468,44385.89503,41100.52095,64259.49286,56615.50162,85287.59978,68242.68871,127229.3893,46737.90546,32740.23617,34323.28116,31000.34278,39294.35616,50956.52831,37173.59691,26269.49912,89554.79851,30515.86812,60275.66915,77969.68165,28862.38713,69286.76106,32128.39723,19456.0549,62408.38693,35325.80145,45590.21307,12866.7316,78335.59023,11437.92294,14186.17141,40624.00483,24123.58135,39618.94271,0,81346.27609,43603.26281,31939.44443,67208.54124,67176.61745,64668.96414,83280.62039,87604.65087,106689.5229,115178.0563,110382.4686,96957.79464,85950.25688,100829.1488,93796.01327,76520.24145,106925.8244,60803.9006,117552.7426,95640.87269,86378.23006,94039.39657,79287.78061,70548.45319,71289.30318,64267.03875,64005.94764,64167.92028,65931.04974,78036.24867,62376.53162,58118.01416,56889.25496,62366.9719,95590.47634,60792.86207,53697.36458,63792.56683,55206.63227,79471.58842,51976.40428,53944.32515,75949.55482,85964.33513,85219.37134,47172.90992,58349.07963,92909.41619,53558.35295,96323.10134,81616.95868,107671.4022
