,FOURTH WARD,SECOND WARD,DOWNTOWN,CLINTON PARK TRI-COMMUNITY,GREATER UPTOWN,GREATER INWOOD,GREATER HOBBY AREA,GOLFCREST / BELLFORT / REVEILLE,ELDRIDGE / WEST OAKS,WASHINGTON AVENUE COALITION / MEMORIAL PARK,GREATER FIFTH WARD,DENVER HARBOR / PORT HOUSTON,PLEASANTVILLE AREA,NORTHSHORE,LAZYBROOK / TIMBERGROVE,GREATER HEIGHTS,KASHMERE GARDENS,MINNETEX,NEAR NORTHSIDE,SPRING BRANCH EAST,SPRING BRANCH NORTH,EL DORADO / OATES PRAIRIE,SPRING BRANCH CENTRAL,HUNTERWOOD,SETTEGAST,LANGWOOD,INDEPENDENCE HEIGHTS,CENTRAL NORTHWEST,TRINITY / HOUSTON GARDENS,CARVERDALE,EASTEX - JENSEN AREA,EAST HOUSTON,ACRES HOME,NORTHSIDE/NORTHLINE,HIDDEN VALLEY,EAST LITTLE YORK / HOMESTEAD,WILLOWBROOK,GREATER GREENSPOINT,IAH / AIRPORT AREA,KINGWOOD AREA,LAKE HOUSTON,FAIRBANKS / NORTHWEST CROSSING,WESTBRANCH,SHARPSTOWN,WESTWOOD,FORT BEND HOUSTON,FONDREN GARDENS,SOUTH BELT / ELLINGTON,SOUTH ACRES / CRESTMONT PARK,BRAYS OAKS,CENTRAL SOUTHWEST,SUNNYSIDE,ALIEF,PECAN PARK,CLEAR LAKE,WESTBURY,WILLOW MEADOWS / WILLOWBEND AREA,BRAEBURN,SOUTH MAIN,SOUTH PARK,ASTRODOME AREA,GREATER OST / SOUTH UNION,PARK PLACE,MEADOWBROOK / ALLENDALE,MEDICAL CENTER AREA,GULFTON,MACGREGOR,GULFGATE RIVERVIEW / PINE VALLEY,HARRISBURG / MANCHESTER,UNIVERSITY PLACE,WESTCHASE,MUSEUM PARK,LAWNDALE / WAYSIDE,GREENWAY / UPPER KIRBY AREA,GREATER THIRD WARD,MID WEST,GREATER EASTWOOD,MIDTOWN,BRAESWOOD,MEYERLAND AREA,EDGEBROOK AREA,MAGNOLIA PARK,AFTON OAKS / RIVER OAKS AREA,BRIAR FOREST,NEARTOWN - MONTROSE,MEMORIAL,SPRING BRANCH WEST,ADDICKS PARK TEN
FOURTH WARD,0,9544.880955,1734.800739,32591.39084,23972.45872,43821.59726,47548.32566,31669.77617,72990.58717,2842.691287,11046.93024,20996.04141,30027.16044,39326.9078,14693.71382,7561.946995,17444.6493,44803.09494,7725.248111,26320.60591,50002.86207,36783.8286,41398.9339,51581.27243,33142.49733,37774.26506,19627.35344,23630.16721,27048.24852,56715.76944,23912.01148,41140.07061,33747.60134,24254.78799,44412.63419,39921.5284,80333.10148,57243.15964,68036.38742,106700.5147,89712.68692,45166.15579,58760.20188,39896.06548,55887.73381,61120.63239,56098.28197,65105.92792,40392.2257,50037.14404,35746.89846,27788.90589,60549.0761,29475.68579,90318.86968,42326.89096,31913.76447,42385.78725,26219.47596,28202.10738,19725.04654,20053.61387,36448.50042,42776.8463,11843.24026,29197.06025,11970.37815,19563.00969,32143.12876,8950.184646,51222.37342,7357.763983,20293.63755,11139.26942,7328.019718,32967.5952,10573.53051,889.8837871,21807.95034,33642.65262,57515.41466,22228.90208,9261.972581,51847.00208,1497.503058,49462.9159,47926.96595,67523.29268
SECOND WARD,9544.880955,0,1200.435797,10053.26196,35442.67924,50823.23787,33884.33285,17727.54369,84602.67486,9839.190958,1311.670621,2360.017036,10111.00073,19288.69404,23949.27124,12860.81922,12735.642,35653.33509,6086.925118,36775.05261,60417.69563,20775.35064,51832.40048,34712.23499,19701.59041,47210.95138,23111.63914,30169.97774,19941.63955,67233.49276,20182.64782,28679.848,38940.5255,23862.96752,48300.83581,34322.89764,86800.02564,58789.42616,65082.47002,102051.049,76035.5705,53906.79783,69909.20785,51303.3571,66911.65942,66941.45503,64262.39981,49364.38131,36010.73429,59825.04766,39195.90887,26530.61747,72152.03829,12744.15117,71962.58795,50783.83342,39687.22168,52913.95574,31243.18799,20819.63795,22880.41921,14706.25806,19135.09829,23446.06636,17751.502,40745.45507,11361.1642,7844.524682,12071.94782,17449.38015,62973.08058,12747.49244,2969.45617,22598.13231,5552.911258,44714.90816,705.1009777,7236.133923,29957.83464,43088.92605,40126.97594,1089.770822,20901.80414,63447.23266,12493.86244,60933.85172,58919.84282,78285.19454
DOWNTOWN,1734.800739,1200.435797,0,23513.24044,27562.2619,45071.2422,38959.52188,22830.98902,76544.24901,3444.826342,2050.872911,11405.79829,21360.65117,29435.13457,17699.43337,7204.126233,10296.56973,37445.53404,1942.610502,29856.54932,53577.04563,26916.79314,44972.42063,42683.8464,24100.46211,40830.21291,17984.13983,24464.39973,19440.68909,60077.56052,17984.10346,32123.1885,33662.90838,20699.97327,43009.18308,32807.98954,81249.63167,55087.47555,62941.99803,100314.795,80771.33631,47895.98605,62224.18908,43470.75755,59393.64773,62903.12761,58796.69545,56260.5604,34977.94885,53230.41052,35453.11416,23712.67544,64164.98566,20464.88965,81179.46056,45078.17641,34377.58661,45750.94344,27103.68876,21656.30182,19089.57401,14632.65561,27484.17695,33497.65117,12470.16464,32808.28315,8576.96526,10488.74906,22724.6088,11172.10988,54859.69966,7174.380109,11510.76809,14659.70968,1549.579967,36628.254,1622.973066,1168.10893,24283.87084,36661.62416,48398.03138,12968.68623,12827.13397,55398.88818,4772.746426,53057.9814,51598.99802,71133.0889
CLINTON PARK TRI-COMMUNITY,32591.39084,10053.26196,23513.24044,0,58245.94264,70677.73968,28023.95719,16357.00556,106180.2925,31936.5392,14374.03632,1320.226954,740.3196088,4262.080196,45973.29977,33901.61301,15285.42029,35413.03171,26086.5141,58949.01027,82815.15516,9633.741374,74538.05817,19834.15011,14986.50827,68544.55791,41210.75128,50407.92097,17685.06701,89004.83213,29967.41875,17476.76395,57197.05179,38286.21166,62168.32549,31135.84812,104587.8258,68616.19512,62670.53772,93935.52367,62020.8841,75202.3007,92071.54565,71540.50571,87058.4785,78231.35622,80900.98637,38454.03402,39100.64563,78210.3439,50840.18367,34696.55808,92521.16104,8731.904317,55812.14514,68057.40163,56833.19993,72646.56361,46748.79649,25599.37463,38080.05037,23415.19095,8573.768195,8300.234374,36291.55692,61171.78054,24010.62811,15815.13462,1632.954131,37171.20165,84884.49889,33196.89895,8499.953241,44020.88873,21820.22687,65862.6515,14083.77271,28800.50909,48165.05042,61640.07167,28924.05715,3386.065037,43388.56625,85153.27476,34726.5477,82892.42898,81151.09259,100426.2047
GREATER UPTOWN,23972.45872,35442.67924,27562.2619,58245.94264,0,25872.68423,61225.79117,49349.5038,34854.39563,2261.180633,35352.53827,45965.94221,55359.08296,63918.57051,8810.60628,14842.63717,37189.27085,54442.13442,29523.74035,2132.358839,18899.40569,59795.40369,11053.52575,75234.71997,56301.08525,16026.66427,24165.08881,13716.84385,43722.37616,28409.88975,38711.44593,60315.45802,23993.99036,31574.13724,40478.09608,53236.19991,60390.08058,52931.80771,71246.1224,112746.4739,105818.8097,20401.47972,30288.46625,8983.103579,26591.34083,43711.70531,37495.68111,79149.31418,46248.39579,24633.98814,30794.3017,34520.58019,25316.46787,52258.53203,108050.3617,25817.15675,19701.39066,16731.63924,23593.81902,41648.00744,23139.09582,32248.29358,58557.59792,65058.77129,22808.4618,4127.477247,28000.15958,41532.89616,56673.42147,15498.34175,15618.14237,24436.02146,44357.62125,4316.704628,28642.27114,1237.516026,35351.81772,24421.70043,13504.98871,16220.2038,75672.35265,47624.07419,1732.805804,14784.7899,16253.13525,13081.78044,14521.91461,33691.81237
GREATER INWOOD,43821.59726,50823.23787,45071.2422,70677.73968,25872.68423,0,92051.50866,76278.21993,56175.06732,25574.82468,44823.06017,55034.75954,60439.46877,69446.02868,15587.97947,20871.36248,40707.05027,88556.99458,32454.16298,11636.6998,16751.91903,62824.7951,11781.6524,75820.91517,56981.84611,7509.09298,18145.51308,2492.650951,43641.08921,13976.34927,30679.06604,55690.63201,1033.571893,15512.42189,13322.38438,44493.55224,17377.41826,19877.197,43725.2901,85122.45138,87585.6095,1546.508974,19249.87636,49074.87988,63419.3935,86602.43741,79793.10852,109746.404,83622.15077,66222.05953,71598.7529,70149.27598,59067.80327,75129.37855,134056.0519,68299.08509,61673.92878,58527.32462,62273.64537,73662.32024,59962.06736,64417.56277,82101.60672,85788.48047,54655.15188,46325.03437,55692.73325,64073.95445,75170.30999,48794.22921,47387.11772,53095.99033,65735.29588,42239.0822,53361.47839,39752.58155,55675.7045,47534.62494,54970.29173,58422.96856,101879.002,64709.95904,35238.94705,41598.53622,40370.25113,33210.22073,23644.21967,31900.20517
GREATER HOBBY AREA,47548.32566,33884.33285,38959.52188,28023.95719,61225.79117,92051.50866,0,1581.936262,101777.3797,49950.35975,41176.56401,29916.41713,37736.09152,42876.67731,62880.11754,55085.30133,52830.68461,1795.641326,49703.03478,71212.56397,94198.26763,52103.97103,85952.5851,60464.0168,54990.39408,86058.28517,66783.15442,71958.26421,57158.93723,103273.9817,62515.90097,60136.42644,82119.9792,67752.18643,91884.86003,72507.2777,128931.5866,102676.0817,104038.8197,136550.1642,101746.1925,92564.39746,105458.7969,65522.41858,76705.59059,50088.55314,61515.22332,2430.027742,9880.653744,63040.29519,27746.30428,14409.94182,82919.73662,18108.39546,29325.87937,52738.90558,43922.27025,63856.26017,33884.17982,8389.061921,30051.30271,20293.91247,12093.93576,6235.05062,35879.92262,60232.20615,26899.9061,17831.97837,22010.67591,41954.01096,82293.24571,38442.40327,23175.74689,48909.17226,28738.97858,65179.89414,30418.13917,40909.023,42347.35376,50927.92963,2980.580411,27175.62296,51785.94865,84887.1298,43876.60458,85970.94897,88401.9998,107229.5855
GOLFCREST / BELLFORT / REVEILLE,31669.77617,17727.54369,22830.98902,16357.00556,49349.5038,76278.21993,1581.936262,0,93267.84381,33391.99085,25033.58161,16281.35121,23938.32682,32484.352,47235.54587,38240.18761,37147.4626,3998.019036,33334.10671,56573.10368,80328.30914,38611.76474,71907.9827,49785.43607,40175.4747,70795.25888,50390.66676,55395.04062,42449.199,88936.77681,46289.98429,46892.64244,65293.69681,51026.39715,75552.68109,57382.90584,112983.3751,85979.98598,89126.2674,123057.8574,91107.9486,77496.08252,91290.86582,56934.7553,70330.62775,50687.3574,58230.54197,13743.39253,9246.248582,58292.26307,26249.50135,10040.58043,76958.29781,4460.811505,38985.77352,47282.61399,36272.30536,56487.24744,25110.64333,1664.899972,20361.73722,5349.826265,2459.337273,1941.187674,23844.6022,49053.94402,10877.28331,1992.287868,10270.47482,28407.99906,72667.94166,24524.87554,7528.99918,35240.19775,12053.56002,53894.09876,14124.92681,25562.46217,31673.41135,42874.78866,7943.963626,13107.98833,37467.10962,74234.99289,29149.39475,74147.3374,75412.76922,94833.92303
ELDRIDGE / WEST OAKS,72990.58717,84602.67486,76544.24901,106180.2925,34854.39563,56175.06732,101777.3797,93267.84381,0,51385.3377,84818.24552,93838.7771,104948.5003,111868.2308,54317.94871,60628.99043,86714.56813,93206.78612,79166.45176,41803.18477,30085.874,108609.396,33951.84125,124852.9929,105908.6121,44137.5355,70930.29709,53389.91154,92761.75054,38211.10942,87669.40631,108987.0896,61729.12306,75336.53773,80725.57598,100220.7436,70004.42319,85811.78619,109069.6526,150615.5744,149625.8412,40872.49566,32702.27805,20022.30737,23536.09917,53269.5092,49520.52872,117678.3476,82227.798,32300.36023,52711.03306,77083.08695,7229.232331,98854.24517,148635.4301,44589.12495,53688.15282,31495.71169,61717.3917,84501.10511,65223.71131,76950.24283,105014.0175,110247.3758,66115.80455,37771.73756,73769.03219,88109.14674,103324.5241,62408.9328,7949.293562,71331.86311,91173.85621,49346.63368,75680.97028,23926.12456,83569.59096,72361.13934,54480.08736,41312.68026,119480.5437,95402.19465,49324.49704,4687.426384,64766.48591,2866.095194,11132.52999,5976.826767
WASHINGTON AVENUE COALITION / MEMORIAL PARK,2842.691287,9839.190958,3444.826342,31936.5392,2261.180633,25574.82468,49950.35975,33391.99085,51385.3377,0,9178.46284,19509.97197,29198.23502,36199.1037,1555.414172,1340.403185,13062.9156,47439.61281,4136.882201,3159.732745,26799.47173,33509.9792,18395.27286,49667.72454,30760.24009,18188.16741,14008.74674,10788.27204,21766.13509,34920.74989,18149.42813,36693.57045,21767.87589,18307.91093,35087.20686,34351.74022,62772.85894,48207.19943,62035.46721,100752.8176,84948.35839,23987.20968,37339.1936,23433.55013,41546.0742,56211.11032,49324.71457,66847.46085,43987.38079,38101.69637,36721.51019,31375,41749.32568,32596.89666,91133.56292,35798.10849,27764.89697,29965.78522,26767.08129,32688.10427,22925.3794,24402.0359,39603.94,44004.94709,15854.58967,14427.42476,15464.36363,20983.95956,33554.03579,11906.71546,31376.08173,12972.25222,23560.43489,7305.578517,10980.18162,14395.84634,13334.85394,6076.205445,20358.40512,26766.62671,59058.05563,23950.32651,1037.053931,30042.51544,2139.101853,27143.83972,25087.26859,44427.34795
GREATER FIFTH WARD,11046.93024,1311.670621,2050.872911,14374.03632,35352.53827,44823.06017,41176.56401,25033.58161,84818.24552,9178.46284,0,1116.330529,9228.312491,17471.39599,22255.65099,9129.44401,1010.946353,42463.59434,1587.989912,35264.13759,58004.19928,13744.34264,49919.96193,29677.37875,11021.2757,43143.64659,15047.67326,24304.20082,8096.182703,63622.76008,10093.9429,17573.78342,31420.17019,14399.89299,39529.65581,21471.77943,79549.50313,49166.89711,53732.94629,89122.97594,65994.044,49417.72834,66698.7392,52951.06569,69589.34237,71308.96989,68616.56726,56087.84938,42196.52491,62610.89312,43984.67723,31934.46934,73481.98305,20602.46317,78006.6547,54120.42367,43444.93846,55597.79622,35996.34073,27118.58433,27526.76841,20587.57942,26737.86255,29305.48758,22806.89982,42327.36522,17517.29291,14052.54586,18856.58228,20221.45293,63665.22499,17487.66431,10809.77882,24430.77263,11209.04716,45624.63,7229.279652,11651.94917,33897.91382,45958.10426,47020.20885,7701.088778,21613.49456,63531.97268,14511.01679,60568.033,57875.20669,76478.87932
DENVER HARBOR / PORT HOUSTON,20996.04141,2360.017036,11405.79829,1320.226954,45965.94221,55034.75954,29916.41713,16281.35121,93838.7771,19509.97197,1116.330529,0,911.1505308,9270.054458,33417.89223,20394.44459,2307.209732,34886.15371,12754.13632,46397.3136,69380.63095,7381.969011,61213.55168,22131.6413,5580.076189,54524.45378,25389.28926,35227.98199,6330.245816,74957.02757,15197.34582,12625.72064,41332.35078,22715.34761,47674.44552,21858.32549,89084.72447,55579.22101,52689.899,86276.56041,60689.66904,60563.58236,78097.81314,60480.14223,78563.20565,74300.83025,75090.48802,40951.16221,38125.97312,69833.00552,46227.30449,32349.13027,81081.25195,9146.979406,58187.39933,60756.45067,49456.00768,64274.2031,40502.46478,24115.70543,31150.57924,20314.24774,11308.86445,11905.48448,29167.64282,50332.33102,19009.63638,13988.4613,4447.302024,27336.39918,74119.99965,24636.21227,6760.367366,33833.81271,15802.09693,54490.46489,8806.672369,19280.65885,41099.09099,52077.32035,32606.03534,1005.223861,31893.23744,73475.03642,24419.48624,70368.3904,68624.19547,87596.92651
PLEASANTVILLE AREA,30027.16044,10111.00073,21360.65117,740.3196088,55359.08296,60439.46877,37736.09152,23938.32682,104948.5003,29198.23502,9228.312491,911.1505308,0,3813.103497,41575.25528,28053.54891,4124.313291,43009.26989,20712.15325,54469.93832,76785.9839,2012.309009,68696.40825,16337.23646,2489.793665,61412.00091,31468.06995,41644.1824,6219.218883,80778.56991,18759.22163,10326.66897,46354.40839,27275.77535,50726.51163,19878.77494,93211.39833,56981.75927,51943.53446,84827.33247,57778.08298,67135.79342,84525.16503,71928.1722,87289.01332,81598.20275,82627.74097,48392.3839,45137.9611,78953.93499,53506.12621,38368.84479,92890.65544,15552.86964,65415.88139,68932.70548,57698.75621,72952.19059,47829.95367,30319.99816,39052.5456,25789.8722,17827.98297,18052.14489,37173.6936,61491.18199,25029.24587,20624.58908,11027.91507,37592.30594,83831.13984,33247.97344,12194.26448,43600.97135,23030.00634,65764.19383,15136.92742,28121.50271,49138.87115,62349.77831,38954.90971,5802.79212,41716.0527,83680.97375,33393.30455,80443.41309,77159.48869,95405.32376
NORTHSHORE,39326.9078,19288.69404,29435.13457,4262.080196,63918.57051,69446.02868,42876.67731,32484.352,111868.2308,36199.1037,17471.39599,9270.054458,3813.103497,0,50345.14048,36787.03386,12993.44787,50337.61881,30555.02233,62967.59643,86635.9296,1370.773341,78732.05334,5970.335345,10252.60854,70937.83935,40558.51527,48647.10251,13612.66743,91094.47708,27827.37635,9939.761471,54381.70218,34356.04474,60597.30556,25318.09333,102094.0635,64453.59201,56554.61268,82647.39344,45751.57124,76186.1512,94797.31136,79362.18564,97150.36958,91585.1248,93237.61904,43907.68995,54758.66645,88354.52897,63189.04961,49205.96535,100201.8609,25365.38074,52223.23147,79023.3693,67604.87845,82825.23682,58237.32353,40627.03598,49045.84139,36614.31147,24928.92884,18032.01931,47454.86979,68881.25413,35961.98071,31533.75323,17814.2328,45855.77085,92578.82019,43125.05127,23327.1336,52369.46653,33606.12418,72997.14082,25864.55576,37786.10995,59481.28183,70793.55867,40871.56221,16805.38345,50265.48175,91863.87624,42975.69326,87425.54569,85263.48764,102812.2117
LAZYBROOK / TIMBERGROVE,14693.71382,23949.27124,17699.43337,45973.29977,8810.60628,15587.97947,62880.11754,47235.54587,54317.94871,1555.414172,22255.65099,33417.89223,41575.25528,50345.14048,0,1191.916865,22331.03225,59635.72522,15164.6994,1835.806132,22486.67101,46042.13846,14822.43608,60439.62828,41697.91179,8044.202745,10204.46053,2214.149529,29713.16047,27974.28591,23815.25506,46322.2444,11898.89169,18089.78599,26670.76206,39733.23852,51668.00054,40388.14602,59067.38141,100833.9559,92284.24686,14915.11313,30806.66412,34095.65785,50011.27329,66532.48569,58919.06732,80624.39439,54428.3676,49196.4417,46608.11011,41702.02882,50003.08536,46613.81014,105934.9411,45632.52341,38525.77415,40453.68959,36461.11926,44018.40893,31995.8924,34815.38943,53658.01483,58337.20505,25132.8254,25193.45702,26431.60882,35253.17054,47908.18527,20620.96154,37924.61817,23405.83175,37708.04521,16210.5878,24278.56229,24537.08334,27538.79531,18056.39922,29328.43196,36425.48216,73215.93809,38310.009,9887.551008,34373.26635,10825.22493,29048.84471,23336.87316,41158.9085
GREATER HEIGHTS,7561.946995,12860.81922,7204.126233,33901.61301,14842.63717,20871.36248,55085.30133,38240.18761,60628.99043,1340.403185,9129.44401,20394.44459,28053.54891,36787.03386,1191.916865,0,8788.376101,52454.94954,1499.759941,10200.18028,32876.34405,32865.1318,25084.38999,47434.35563,28095.36014,17422.44826,2118.15565,1757.070896,16253.23389,37929.47552,10199.77133,32964.1616,12494.44716,6555.956623,25487.6877,25826.81705,57579.61053,38822.17509,50036.8971,89353.99958,78514.70699,23468.53262,41020.08125,39042.22947,55847.96801,68927.39367,61899.00082,70897.00806,49490.22896,52519.27508,44451.1654,37190.76829,56162.22854,37059.3471,94494.54213,47459.83275,38697.39032,44095.42245,34517.2436,37943.36691,29313.22874,29924.51592,43985.53505,47790.45654,21516.82066,28927.5626,21186.98444,25095.09781,37160.68688,18444.15581,44595.07201,18450.86645,27650.19397,15943.87814,16010.91036,29925.88205,17647.73148,11124.17526,29149.63333,37968.81048,63640.97859,27189.31743,9629.760804,42248.91229,7662.91697,35890.29152,32292.39279,48978.1372
KASHMERE GARDENS,17444.6493,12735.642,10296.56973,15285.42029,37189.27085,40707.05027,52830.68461,37147.4626,86714.56813,13062.9156,1010.946353,2307.209732,4124.313291,12993.44787,22331.03225,8788.376101,0,55609.97581,1693.073496,34958.31395,57101.45976,7043.443251,49105.63073,22737.13599,3964.512189,41286.28394,11322.96754,21516.83182,1183.618295,61210.43391,3349.793096,11353.71614,26872.07825,8545.186394,34128.93777,14881.33566,74840.29559,42584.04004,46907.52979,82783.9097,59491.16734,46955.30976,64909.34014,57521.20553,74701.66134,80955.29818,76544.80898,65829.46027,54852.10967,69154.70884,54089.49463,43320.58873,77245.91651,30021.15638,83462.86325,61873.57687,52199.38899,61301.62761,45068.94764,40227.83463,37692.43031,33272.67552,34265.69707,36193.15644,31700.30617,46960.10666,28366.31091,27361.81016,26744.73602,28310.27813,66602.32898,26586.24933,22109.82375,30250.07748,21057.66236,49314.6448,18707.08659,19761.84377,41857.58983,53057.95403,56295.73714,16394.06257,25987.7252,65542.56204,19820.51313,61584.45967,57660.02052,75542.31303
MINNETEX,44803.09494,35653.33509,37445.53404,35413.03171,54442.13442,88556.99458,1795.641326,3998.019036,93206.78612,47439.61281,42463.59434,34886.15371,43009.26989,50337.61881,59635.72522,52454.94954,55609.97581,0,49112.83815,66497.14093,88422.63932,57796.35679,80479.65312,69205.63657,59055.63243,81932.29174,65946.01951,68088.63458,60492.37941,97939.94888,61595.59122,63867.81328,78766.54892,66421.66687,90723.67765,75866.44417,125824.5326,100468.5474,104535.6501,139456.7471,108596.2624,87980.25129,99915.40404,55995.13663,64770.96616,33318.23416,46596.77067,14943.54321,1100.377569,49118.55408,14864.11206,7612.078613,70615.467,22916.81284,43006.46937,40241.93258,34605.05681,53351.16841,25814.93908,3877.68395,23118.67579,17983.06896,21106.73891,20518.23644,30142.47956,51421.07196,25161.8687,19205.2044,29609.24396,35454.9297,72995.16962,33952.04253,25556.03239,43783.01357,27194.60554,58339.75508,30399.52202,37793.08664,34592.50989,42018.83418,21693.10208,32057.25755,47150.28064,77484.68953,39849.63932,80602.43939,83225.76995,101923.6444
NEAR NORTHSIDE,7725.248111,6086.925118,1942.610502,26086.5141,29523.74035,32454.16298,49703.03478,33334.10671,79166.45176,4136.882201,1587.989912,12754.13632,20712.15325,30555.02233,15164.6994,1499.759941,1693.073496,49112.83815,0,27140.66434,49093.8038,26179.13611,40977.78031,40333.27833,20586.5286,32969.44509,3009.358192,12508.74807,8793.161561,53014.84954,3348.652102,25580.55169,18337.73213,3407.332097,26762.94499,18966.28525,66816.09574,37536.16898,46258.42119,84425.80864,71382.54032,38133.5726,56810.30396,48836.93213,65343.59239,71408.33948,66715.80058,66200.6652,46664.17292,59932.16217,45059.90485,35150.26407,68862.9138,30235.80953,88878.625,52424.84464,42403.74585,52053.62838,35782.87965,32900.5425,28702.44845,25930.1436,36957.05972,40222.35158,21983.31021,38235.89424,19181.11358,20994.3377,29488.4593,18863.27873,58523.07266,17132.31025,20212.01281,20698.60137,12303.7978,40894.77531,11404.8421,10042.67819,32037.56968,43671.50304,57208.28336,19166.30338,17240.61647,57951.67283,10243.54523,54252.82909,49509.2785,66755.25273
SPRING BRANCH EAST,26320.60591,36775.05261,29856.54932,58949.01027,2132.358839,11636.6998,71212.56397,56573.10368,41803.18477,3159.732745,35264.13759,46397.3136,54469.93832,62967.59643,1835.806132,10200.18028,34958.31395,66497.14093,27140.66434,0,9656.396991,58384.34005,1844.189398,72958.89275,54387.16326,1431.026904,17991.15441,3052.964874,41201.08478,15704.80814,34833.07675,57865.68655,12659.61347,24943.17454,29641.78362,49804.97733,45250.70387,41850.05152,62553.41892,104711.4524,101408.6022,5726.04985,18289.17361,26406.12187,42459.02235,63905.7851,55825.93344,89259.42962,60731.18726,43400.19584,47767.25645,47472.13874,39537.09184,57926.8353,116072.6066,43909.41744,37438.97491,35416.90341,38671.67507,52060.42127,36881.46558,42683.30184,64979.19797,70237.80308,33102.9761,21925.5264,35340.17167,45552.98267,60069.48249,25826.73658,27395.08377,32496.02833,48990.12775,18234.59295,34571.86615,17283.56697,39575.62358,28747.98199,30648.48074,34441.2227,83592.29174,50576.34055,11262.45172,23235.85899,20154.75118,17058.62605,10056.44688,28039.89917
SPRING BRANCH NORTH,50002.86207,60417.69563,53577.04563,82815.15516,18899.40569,16751.91903,94198.26763,80328.30914,30085.874,26799.47173,58004.19928,69380.63095,76785.9839,86635.9296,22486.67101,32876.34405,57101.45976,88422.63932,49093.8038,9656.396991,0,81744.76664,999.8071253,95526.11603,76461.60905,7443.180645,37704.67981,16856.2558,63313.3108,2867.475855,54837.70099,79009.45855,24616.31664,40271.81142,41797.79775,68752.1851,39362.21462,48829.23835,73097.38157,114767.1079,115439.8124,3276.472119,1399.885015,33503.12161,43920.61455,72763.46465,65340.45645,112299.6103,80203.58798,50368.05653,63751.72151,68458.92835,37865.64662,81376.64981,139838.4772,54048.55333,52889.44357,43836.39869,57447.43095,74170.14977,56762.37886,64426.49841,88380.28372,93883.70881,55313.1281,34642.28395,58201.56976,69802.6596,83779.55175,46914.78623,27486.41288,55276.83037,72507.29411,37272.65386,57677.32648,23275.95836,63244.51844,52238.86926,47229.63422,45357.08978,107013.154,74279.00416,31422.54215,19159.87812,43580.57951,11219.31209,1032.902888,8210.541464
EL DORADO / OATES PRAIRIE,36783.8286,20775.35064,26916.79314,9633.741374,59795.40369,62824.7951,52103.97103,38611.76474,108609.396,33509.9792,13744.34264,7381.969011,2012.309009,1370.773341,46042.13846,32865.1318,7043.443251,57796.35679,26179.13611,58384.34005,81744.76664,0,73544.83361,1302.465035,2427.641769,65500.62791,34859.60194,43793.02193,6875.040543,85324.26674,22026.78772,2155.078577,48104.41031,29049.63925,53326.9889,19301.5201,94789.9425,57624.03404,49224.32761,75747.22215,42047.88674,70432.93768,89361.5989,78118.41316,95471.44781,94823.20362,93280.0977,61849.76777,59701.0978,88152.50205,66647.70392,52132.33827,98417.95231,30447.99782,73561.75147,79491.44375,68435.68449,81354.15756,59730.2618,44730.4466,51187.08162,39551.36932,32196.88687,31244.94603,47226.72126,67474.80753,37660.59516,34021.74537,25124.34204,45724.37484,89494.70506,42237.5621,26431.78889,50237.73846,34300.4952,70506.02332,27289.47628,36556.26422,58919.4744,71508.54347,52387.25755,19160.01109,47277.88085,88378.26695,40309.95147,83922.29389,80920.85378,97902.18519
SPRING BRANCH CENTRAL,41398.9339,51832.40048,44972.42063,74538.05817,11053.52575,11781.6524,85952.5851,71907.9827,33951.84125,18395.27286,49919.96193,61213.55168,68696.40825,78732.05334,14822.43608,25084.38999,49105.63073,80479.65312,40977.78031,1844.189398,999.8071253,73544.83361,0,86784.11204,68462.66869,1045.319996,30063.3329,8560.845843,54137.21554,6152.323676,47606.43207,69728.16451,17274.87122,31979.79225,35950.67821,59751.34936,39553.24788,44282.09422,66902.17938,108907.7301,107940.303,1595.947897,8727.625924,27480.90347,39263.70785,64357.29119,59044.78137,104057.5529,71852.80517,43829.73138,56128.89554,60527.34947,32890.11528,72823.11288,131454.9352,47781.84626,44995.23757,37920.05376,49065.69282,65905.82136,48325.18044,55849.44303,79830.2437,85292.94651,46724.78281,27353.36056,49672.99672,61314.62964,75182.01738,38378.58589,23151.16358,46690.30602,63957.45168,28793.06297,49147.25974,16950.39998,54652.45198,43693.83548,39668.84098,38011.75262,98590.99725,65673.3339,23403.66276,17043.79792,35043.2515,9294.622149,2657.959913,19731.94421
HUNTERWOOD,51581.27243,34712.23499,42683.8464,19834.15011,75234.71997,75820.91517,60464.0168,49785.43607,124852.9929,49667.72454,29677.37875,22131.6413,16337.23646,5970.335345,60439.62828,47434.35563,22737.13599,69205.63657,40333.27833,72958.89275,95526.11603,1302.465035,86784.11204,0,14717.88984,78964.67067,48628.96,58776.23769,20115.72095,97981.95455,33521.87764,6209.847425,61581.75418,43028.6814,63251.76823,23222.52448,106194.6107,65433.14941,49915.14208,74895.70276,38557.60601,83904.91287,102463.8882,94074.71347,110243.3893,108525.9087,107623.2257,66825.74317,72049.3503,103465.0749,80340.5722,65463.5369,114524.6209,40177.19369,74926.93857,94290.70761,83125.72434,96391.92758,73893.28598,57419.19421,65164.23115,52834.95954,40462.38937,37422.33104,61434.68014,83441.2331,51445.10091,46287.35548,33225.96874,61017.49463,104431.7197,56718.02265,37783.91391,65332.10089,47878.09293,86647.81557,40561.68358,51124.71104,73555.76975,86738.86564,58029.21778,31275.52196,62662.19942,103687.6247,55110.739,99768.8975,95641.40035,113350.499
SETTEGAST,33142.49733,19701.59041,24100.46211,14986.50827,56301.08525,56981.84611,54990.39408,40175.4747,105908.6121,30760.24009,11021.2757,5580.076189,2489.793665,10252.60854,41697.91179,28095.36014,3964.512189,59055.63243,20586.5286,54387.16326,76461.60905,2427.641769,68462.66869,14717.88984,0,60929.11031,30564.63009,40588.70854,1671.118276,79527.4828,14970.7522,1923.588589,42774.20247,24539.99263,44839.26385,9663.166496,87519.82623,48655.43884,41518.01072,74184.15143,48470.30179,65409.37656,82922.80036,75366.61001,91935.95332,92912.73814,91061.19237,66593.06486,59998.25711,85422.22087,64912.45202,51252.7312,95661.80494,32490.62729,82566.88015,76827.02287,65775.60982,78027.0137,57737.99912,44845.5107,48875.50577,38935.21764,35288.1721,36353.57651,45030.26271,64703.39703,37339.16941,33305.22325,28343.24464,43022.88846,85456.73794,39760.09714,27079.22492,46747.318,32984.78505,67761.09153,27108.51764,33964.07568,56355.27079,68777.65944,56957.05707,19571.49127,43836.77066,84719.25867,36431.15237,80925.6502,77125.67777,95067.82149
LANGWOOD,37774.26506,47210.95138,40830.21291,68544.55791,16026.66427,7509.09298,86058.28517,70795.25888,44137.5355,18188.16741,43143.64659,54524.45378,61412.00091,70937.83935,8044.202745,17422.44826,41286.28394,81932.29174,32969.44509,1431.026904,7443.180645,65500.62791,1045.319996,78964.67067,60929.11031,0,21914.94293,2531.055752,46309.57686,11820.75385,38953.15121,62144.14877,11882.25051,25826.68783,28081.63491,52511.11465,39748.00647,40041.92233,62182.08588,104502.0433,102481.8043,2347.193083,14133.53618,36611.74049,49165.20627,75712.65031,67252.66917,103994.9636,74908.14496,54051.3832,63060.27753,62818.24939,45454.8137,69760.45966,129722.5798,56044.78482,52795.39071,46483.06164,53460.39697,66129.61069,51007.28612,56608.79534,76815.40252,81956.65378,46285.24741,34680.01613,48897.30809,59070.19281,71045.84994,39853.56374,33573.94204,45348.94676,60835.69142,32451.92635,47146.40696,27062.26959,50740.566,40817.73765,45181.32167,47143.36611,97038.16055,61454.93402,26703.98217,27541.32101,32668.21188,20093.12402,11309.72881,26240.98276
INDEPENDENCE HEIGHTS,19627.35344,23111.63914,17984.13983,41210.75128,24165.08881,18145.51308,66783.15442,50390.66676,70930.29709,14008.74674,15047.67326,25389.28926,31468.06995,40558.51527,10204.46053,2118.15565,11322.96754,65946.01951,3009.358192,17991.15441,37704.67981,34859.60194,30063.3329,48628.96,30564.63009,21914.94293,0,1797.293247,16404.55291,40250.18603,9701.638036,33008.10018,4575.963962,1567.800521,13072.77997,24624.63117,51825.8967,26647.22282,41438.55072,82354.00207,76837.4902,26017.37814,43917.59017,49167.68008,65829.4452,80219.01501,73194.03009,83151.56587,62897.60404,64191.25259,57651.8961,50604.47196,65843.23284,47637.87633,105286.871,59567.44538,51007.39197,55542.87255,47660.21235,49881.00133,42349.44912,42402.75727,54304.90181,56840.23139,34663.37954,40259.39821,34709.62223,38021.86293,46506.92319,31038.03898,53979.48267,30999.72699,37436.57387,28133.16322,28455.17678,39700.13485,28528.31893,23446.64317,41485.91054,50276.17969,74120.22932,35469.08464,22077.05406,50887.55153,20016.00449,45591.70197,39457.63542,56355.40351
CENTRAL NORTHWEST,23630.16721,30169.97774,24464.39973,50407.92097,13716.84385,2492.650951,71958.26421,55395.04062,53389.91154,10788.27204,24304.20082,35227.98199,41644.1824,48647.10251,2214.149529,1757.070896,21516.83182,68088.63458,12508.74807,3052.964874,16856.2558,43793.02193,8560.845843,58776.23769,40588.70854,2531.055752,1797.293247,0,25730.67341,18599.14739,19009.12133,40569.60369,1322.225435,6986.223845,15985.47629,31403.19794,38854.79279,28943.26748,45596.20753,87016.73568,83029.41349,3985.020378,23059.52293,38506.52875,55435.72487,74513.76128,67976.17856,86983.84831,64831.87547,55092.15633,56554.09435,51531.76391,52544.91805,54580.29118,110289.7463,55230.3478,47646.0164,47360.09203,46451.45652,54186.09506,42290.93221,45146.88591,61505.56232,65186.93494,35591.46079,33186.95787,35988.4384,42410.19578,54533.29416,31570.07502,40400.72649,33561.92292,45099.06111,27048.00263,33018.46507,29561.23176,35066.72703,27448.27026,40121.13732,46153.704,81156.46118,44227.23733,20156.85861,36064.85378,21291.13283,29451.11436,20397.57749,33079.60607
TRINITY / HOUSTON GARDENS,27048.24852,19941.63955,19440.68909,17685.06701,43722.37616,43641.08921,57158.93723,42449.199,92761.75054,21766.13509,8096.182703,6330.245816,6219.218883,13612.66743,29713.16047,16253.23389,1183.618295,60492.37941,8793.161561,41201.08478,63313.3108,6875.040543,54137.21554,20115.72095,1671.118276,46309.57686,16404.55291,25730.67341,0,65282.73266,1441.735904,3428.586729,29433.08052,10494.09757,32018.21047,1686.073112,74465.66098,36272.35536,34201.82675,68945.71206,48869.12006,50985.74737,69837.44531,65169.77759,84013.36745,89957.18555,86157.19344,68283.18479,61133.08222,77345.49415,62342.76922,51023.71867,84457.86389,35510.67313,84775.84774,71377.70313,61735.48212,70762.01661,54564.42485,45944.6977,45935.36305,39780.20693,39205.64441,39421.32674,41172.78406,54954.5326,36615.35906,32935.88289,31864.79425,37651.87554,74876.79684,35893.67887,28132.53041,39831.23399,30032.68174,57206.46996,26357.27366,29334.82697,51471.20417,61766.77539,60559.98878,21788.12031,34914.33021,72927.53279,29398.08938,67350.88977,63273.88561,80248.67107
CARVERDALE,56715.76944,67233.49276,60077.56052,89004.83213,28409.88975,13976.34927,103273.9817,88936.77681,38211.10942,34920.74989,63622.76008,74957.02757,80778.56991,91094.47708,27974.28591,37929.47552,61210.43391,97939.94888,53014.84954,15704.80814,2867.475855,85324.26674,6152.323676,97981.95455,79527.4828,11820.75385,40250.18603,18599.14739,65282.73266,0,55666.30784,80254.18807,24866.88704,40410.15396,38558.24281,69628.88819,25334.86982,44836.65527,70365.47039,111527.5118,114160.4117,1126.399089,1264.953675,43790.21341,53226.91696,82590.03487,75756.70644,121376.7021,89806.13855,60431.98154,74058.78645,78028.25647,46455.04966,88575.62952,148394.3629,64486.2036,63020.97025,54059.44964,66995.96823,83217.60755,66079.86255,72979.83683,95632.1504,101471.5389,63549.4246,44985.11635,66089.28248,77927.17381,90755.61327,55589.19632,37452.96155,63179.29185,79653.34156,46409.12016,65303.91213,33035.38034,69909.91751,59396.89981,57145.99742,55472.77393,115546.049,80744.62298,40875.54233,28674.35848,50841.90647,20375.34675,8475.561906,11893.52104
EASTEX - JENSEN AREA,23912.01148,20182.64782,17984.10346,29967.41875,38711.44593,30679.06604,62515.90097,46289.98429,87669.40631,18149.42813,10093.9429,15197.34582,18759.22163,27827.37635,23815.25506,10199.77133,3349.793096,61595.59122,3348.652102,34833.07675,54837.70099,22026.78772,47606.43207,33521.87764,14970.7522,38953.15121,9701.638036,19009.12133,1441.735904,55666.30784,0,13828.99136,17670.28404,1350.783423,19139.40246,2490.280404,60081.91626,21829.94662,25922.516,63945.57138,53172.93666,41095.44421,60504.21941,60890.65506,78810.63801,87996.14836,82281.4558,75007.8262,62513.57938,73587.8488,60332.35916,51425.0992,79840.31203,41613.73764,95189.63687,67577.82457,58596.31089,65955.41511,51670.07387,47502.77875,44889.62429,40728.87319,47065.14103,48497.83937,38432.79081,50599.8,35660.77834,33880.66476,39265.30199,34929.48065,68882.49825,33744.33229,32021.51935,35654.29971,28701.3823,52218.74686,26646.1189,26426.26757,48055.1112,57990.20134,68041.60092,27725.86574,30190.21546,66843.48381,25537.32891,62240.18567,57340.57895,73020.42591
EAST HOUSTON,41140.07061,28679.848,32123.1885,17476.76395,60315.45802,55690.63201,60136.42644,46892.64244,108987.0896,36693.57045,17573.78342,12625.72064,10326.66897,9939.761471,46322.2444,32964.1616,11353.71614,63867.81328,25580.55169,57865.68655,79009.45855,2155.078577,69728.16451,6209.847425,1923.588589,62144.14877,33008.10018,40569.60369,3428.586729,80254.18807,13828.99136,0,42264.75161,25138.76504,43882.76317,2098.89279,84157.27497,43569.73536,28497.486,57773.25085,32430.31762,65651.02318,85114.3834,81268.42806,99466.17717,101262.2577,99604.99965,68029.10527,67260.19227,92120.1993,70749.73274,60136.68303,100772.0645,39649.92295,82132.10315,84879.01285,74374.59174,85822.5815,66616.98687,52534.94539,57191.05553,47253.33774,41399.25067,38672.778,53731.79885,70735.78136,46257.07228,42309.45551,34308.9884,50628.90621,91247.90945,48425.97377,35588.7433,54550.20315,41797.33918,73154.58082,35999.8055,42550.15108,64821.44022,75529.2919,61601.62019,28239.53873,50413.98425,89430.9928,44136.74946,83603.53828,79510.96102,95302.92679
ACRES HOME,33747.60134,38940.5255,33662.90838,57197.05179,23993.99036,1033.571893,82119.9792,65293.69681,61729.12306,21767.87589,31420.17019,41332.35078,46354.40839,54381.70218,11898.89169,12494.44716,26872.07825,78766.54892,18337.73213,12659.61347,24616.31664,48104.41031,17274.87122,61581.75418,42774.20247,11882.25051,4575.963962,1322.225435,29433.08052,24866.88704,17670.28404,42264.75161,0,2388.343678,2479.796493,31618.34879,32606.71359,11704.9373,34264.27977,75937.61632,76515.62284,10364.33819,29856.62819,48935.03737,65636.04957,85564.12255,78407.05207,97482.79204,75634.4616,65785.33412,67561.46254,62452.60299,61353.32357,63750.33476,120098.0643,65570.89618,59209.8824,57763.88532,57485.66706,64757.04143,53189.69151,55916.67997,70516.10814,73292.96521,46457.97275,43501.73272,46563.51856,51933.10332,62913.97145,42346.94763,50103.83975,44259.02071,53742.00381,37682.0772,42936.64856,39785.05075,44388.79004,37602.60167,50699.39169,56585.65347,90315.94326,51918.14837,30824.57433,45544.42373,32197.59733,37490.223,28802.82052,41267.27811
NORTHSIDE/NORTHLINE,24254.78799,23862.96752,20699.97327,38286.21166,31574.13724,15512.42189,67752.18643,51026.39715,75336.53773,18307.91093,14399.89299,22715.34761,27275.77535,34356.04474,18089.78599,6555.956623,8545.186394,66421.66687,3407.332097,24943.17454,40271.81142,29049.63925,31979.79225,43028.6814,24539.99263,25826.68783,1567.800521,6986.223845,10494.09757,40410.15396,1350.783423,25138.76504,2388.343678,0,4967.662387,15466.26121,45802.68773,10972.39158,23650.53655,64357.40848,62111.15685,25618.32404,45384.1058,56097.94631,73860.02973,87465.36745,80510.73992,81180.34053,65384.58373,70034.57259,60829.89113,53878.29474,72659.96064,47688.05767,101911.0742,66061.45436,57278.36083,62421.16855,51612.21821,51691.45246,46624.38129,44797.58069,53700.97891,55558.03846,38920.72996,46561.70282,36996.29544,37846.07117,45861.52307,35672.94129,61019.79416,35158.09813,37513.52165,34293.4653,30871.57888,46801.8067,30182.22662,27470.59758,47423.94767,56399.91642,74126.84246,34309.04922,28062.92149,57901.91773,25258.75577,50589.34509,43118.79448,57125.67473
HIDDEN VALLEY,44412.63419,48300.83581,43009.18308,62168.32549,40478.09608,13322.38438,91884.86003,75552.68109,80725.57598,35087.20686,39529.65581,47674.44552,50726.51163,60597.30556,26670.76206,25487.6877,34128.93777,90723.67765,26762.94499,29641.78362,41797.79775,53326.9889,35950.67821,63251.76823,44839.26385,28081.63491,13072.77997,15985.47629,32018.21047,38558.24281,19139.40246,43882.76317,2479.796493,4967.662387,0,32089.22809,36563.32838,6595.447144,28744.83131,70190.41952,72790.52221,26083.66269,43616.87903,66299.36897,81495.04919,100758.1389,93102.90058,108177.8255,86918.58305,82570.02439,80255.7947,74298.82993,80185.64374,72065.76299,129671.1288,79893.51236,72553.68728,73932.28392,70145.54911,74957.90573,65748.09949,67297.31888,78154.98965,80918.54435,58241.02331,58893.81976,58492.83425,63172.86565,70339.96074,55293.40323,68013.54343,55633.38802,61724.77783,51039.45574,52970.19783,56688.54657,53458.83859,48268.94388,64221.8477,70864.55371,99125.08337,58729.14894,43833.26257,63251.42057,44044.304,56653.03329,47808.28919,57769.35791
EAST LITTLE YORK / HOMESTEAD,39921.5284,34322.89764,32807.98954,31135.84812,53236.19991,44493.55224,72507.2777,57382.90584,100220.7436,34351.74022,21471.77943,21858.32549,19878.77494,25318.09333,39733.23852,25826.81705,14881.33566,75866.44417,18966.28525,49804.97733,68752.1851,19301.5201,59751.34936,23222.52448,9663.166496,52511.11465,24624.63117,31403.19794,1686.073112,69628.88819,2490.280404,2098.89279,31618.34879,15466.26121,32089.22809,0,73659.58575,31102.1249,12291.97168,45546.25595,36876.68511,54994.28493,74493.92105,75759.87983,95315.45789,103603.1838,98821.71211,83497.8081,75073.43723,89326.65161,75389.60645,64956.04908,94092.36152,49858.97751,98018.09756,84072.95649,74794.15876,82578.3913,67689.96936,60207.82895,59716.20799,53398.94313,53508.0812,53522.57115,54312.79135,66560.43958,50843.75509,47256.55058,46202.63732,50763.2206,84646.60932,49217.79993,42512.30183,52203.26408,43611.92791,68149.69275,40464.83086,42325.24075,64335.85934,74402.18858,74805.98093,36564.42388,46804.08095,82140.57336,41944.87803,74905.30181,70109.6513,84503.96601
