,FOURTH WARD,SECOND WARD,DOWNTOWN,CLINTON PARK TRI-COMMUNITY,GREATER UPTOWN,GREATER INWOOD,GREATER HOBBY AREA,GOLFCREST / BELLFORT / REVEILLE,ELDRIDGE / WEST OAKS,WASHINGTON AVENUE COALITION / MEMORIAL PARK,GREATER FIFTH WARD,DENVER HARBOR / PORT HOUSTON,PLEASANTVILLE AREA,NORTHSHORE,LAZYBROOK / TIMBERGROVE,GREATER HEIGHTS,KASHMERE GARDENS,MINNETEX,NEAR NORTHSIDE,SPRING BRANCH EAST,SPRING BRANCH NORTH,EL DORADO / OATES PRAIRIE,SPRING BRANCH CENTRAL,HUNTERWOOD,SETTEGAST,LANGWOOD,INDEPENDENCE HEIGHTS,CENTRAL NORTHWEST,TRINITY / HOUSTON GARDENS,CARVERDALE,EASTEX - JENSEN AREA,EAST HOUSTON,ACRES HOME,NORTHSIDE/NORTHLINE,HIDDEN VALLEY,EAST LITTLE YORK / HOMESTEAD,WILLOWBROOK,GREATER GREENSPOINT,IAH / AIRPORT AREA,KINGWOOD AREA,LAKE HOUSTON,FAIRBANKS / NORTHWEST CROSSING,WESTBRANCH,SHARPSTOWN,WESTWOOD,FORT BEND HOUSTON,FONDREN GARDENS,SOUTH BELT / ELLINGTON,SOUTH ACRES / CRESTMONT PARK,BRAYS OAKS,CENTRAL SOUTHWEST,SUNNYSIDE,ALIEF,PECAN PARK,CLEAR LAKE,WESTBURY,WILLOW MEADOWS / WILLOWBEND AREA,BRAEBURN,SOUTH MAIN,SOUTH PARK,ASTRODOME AREA,GREATER OST / SOUTH UNION,PARK PLACE,MEADOWBROOK / ALLENDALE,MEDICAL CENTER AREA,GULFTON,MACGREGOR,GULFGATE RIVERVIEW / PINE VALLEY,HARRISBURG / MANCHESTER,UNIVERSITY PLACE,WESTCHASE,MUSEUM PARK,LAWNDALE / WAYSIDE,GREENWAY / UPPER KIRBY AREA,GREATER THIRD WARD,MID WEST,GREATER EASTWOOD,MIDTOWN,BRAESWOOD,MEYERLAND AREA,EDGEBROOK AREA,MAGNOLIA PARK,AFTON OAKS / RIVER OAKS AREA,BRIAR FOREST,NEARTOWN - MONTROSE,MEMORIAL,SPRING BRANCH WEST,ADDICKS PARK TEN
FOURTH WARD,0,10988.82359,2936.344295,34336.36134,25172.71534,45399.42065,49712.04156,34034.13826,77312.31933,4593.350601,12481.36674,22442.66519,30612.56673,42641.45512,16498.71281,9286.241505,18858.01854,47948.77065,9357.517238,28590.63284,51137.32577,38759.71087,42639.0516,52492.55024,34281.70727,38876.55578,21016.31874,25755.24801,28800.29616,57741.49853,26952.15398,42978.15271,35731.68068,27129.54226,45607.89391,41898.45207,81723.46039,60311.79872,71033.91771,111070.1073,93941.86085,47285.61147,59543.42598,41983.43447,56796.8381,62025.59111,57200.05725,67914.39729,41695.48131,52078.99659,39710.78739,29498.31699,62997.85909,30378.43622,92504.98613,43690.35004,33088.6407,43787.80807,27343.38077,29598.85895,20633.50879,20902.84204,37213.55589,44182.42638,12889.5933,30753.20676,13451.03569,21477.21044,33575.65109,10324.6811,53025.04557,7849.48226,21404.73253,12893.34692,8340.85414,36004.14098,11803.73365,1855.316399,22989.24377,35735.73836,59070.77278,23265.51045,10943.94984,54060.33338,2535.27202,52538.8978,50680.30772,70677.57138
SECOND WARD,10988.82359,0,2495.808302,11882.70126,36690.18,52355.255,35931.23291,19688.68982,88908.57503,13716.64829,2487.749936,3961.270247,11581.60378,22307.40785,26098.55744,14911.87892,13610.52127,38988.56071,7601.937971,38829.17566,61593.67081,21934.24595,53225.37296,36059.03966,21021.72403,48659.55268,24596.90724,32543.90742,21166.20939,68688.06725,23436.7543,30690.79666,41141.90498,27224.77227,49760.44404,36137.53431,88266.71048,61620.72995,67844.69754,105275.5543,80511.68999,55955.30353,71369.83375,53419.88647,67829.14793,68114.32372,65343.45399,51614.32958,37638.95556,61729.85562,43465.92893,28115.56137,74465.61552,13810.73966,74371.4605,52136.69799,40965.98341,54323.7314,32350.81555,22347.29671,24446.55826,16221.90969,20105.11805,25029.63522,18706.16248,42324.38465,12104.10475,8991.742673,13460.1841,19143.04441,64771.21308,13777.5706,4213.556108,24356.14445,6373.202841,47774.19233,1379.079364,8296.520463,31226.6375,45196.23871,41534.80103,2269.861906,22573.78799,65635.91275,13550.15479,63925.23927,61714.47645,81421.1855
DOWNTOWN,2936.344295,2495.808302,0,25076.52155,28768.54823,46639.86803,41095.79462,25155.33511,80891.69569,6758.953119,3495.106413,12794.58133,22098.82391,32758.66457,19655.79758,9288.299098,11566.46125,40706.80552,3812.574757,32081.53181,54699.26927,28894.12955,46244.34967,43723.01249,25319.37473,41983.61995,19348.60939,26817.88536,20782.63332,61069.52045,21254.79102,34045.04829,35821.07933,23953.33687,44205.33079,34681.47821,82691.75301,58087.07286,65729.62186,104367.9651,85121.81217,49935.77455,63017.96047,45560.40565,60297.37991,63866.03112,59897.31939,58980.9213,36338.51468,55230.58125,39654.88204,25088.94118,66597.78467,21939.00481,83370.99353,46451.89385,35585.84768,47156.43512,28236.40174,23076.92932,20506.95436,16030.77126,28952.52675,34903.18032,13533.49133,34375.36734,9389.71357,12437.26809,24151.99028,12773.40713,56668.20808,7988.740856,12962.21533,16444.13195,2660.981339,39647.53045,2979.911905,2051.725858,25508.00116,38771.62858,49946.0339,14038.10032,14506.74487,57594.93502,5864.14459,56094.88346,54343.58645,74282.2841
CLINTON PARK TRI-COMMUNITY,34336.36134,11882.70126,25076.52155,0,59946.93311,72060.90817,30035.01666,18078.17392,110586.785,35869.61667,15524.48012,2867.695807,1503.868072,6519.2592,48159.44208,35710.19657,17218.84725,38370.29401,27238.50201,60894.54058,83999.84759,12123.9423,75824.50303,21747.9054,17297.38613,69634.59806,42680.94102,52684.42497,20071.08182,89917.65097,31735.40382,20140.91125,59231.34011,40872.46158,63296.74557,33625.25231,106102.167,70301.27852,65859.89529,96164.10246,66646.56519,77072.42703,92995.20219,73621.52736,88123.00566,80231.1081,81792.55312,40779.81552,40923.88007,79874.70638,54683.67688,36026.31652,94579.21755,10145.70582,59102.48238,69353.78491,58269.28303,73725.98565,48059.65016,27023.48098,39621.93083,25090.37954,10512.24536,9706.638398,37342.59811,62705.50947,25802.2305,16664.54095,3469.810407,38762.68528,86532.54446,34733.71443,9465.049283,45698.21753,22818.95057,68877.89786,15469.58666,30485.82389,49437.64313,63665.27995,30877.26299,4186.609886,45120.95811,87392.04253,36442.80364,85981.565,83910.28805,103549.6144
GREATER UPTOWN,25172.71534,36690.18,28768.54823,59946.93311,0,28233.77899,63526.24859,51538.2736,39158.35817,3889.966584,36735.92177,47293.95644,56772.33753,67213.84479,10808.16547,16843.46007,38825.85028,56562.63352,31077.03698,4393.103237,20434.67998,61751.59447,12555.19336,76808.2616,57869.86973,18203.18015,26278.81631,15280.26616,45796.46502,29950.47973,40546.11553,61984.82213,25876.17211,33465.90794,42507.18758,55446.17149,62591.77964,55595.15105,74941.15781,117658.581,109538.3895,21926.85593,31775.0795,10894.97541,28126.2791,45393.20652,39192.07348,82863.91234,48916.47799,26508.85044,33531.67057,36744.69684,28163.10168,53330.18812,110349.5943,27509.51801,22531.63625,18382.73784,26208.79153,42983.04185,25529.04625,33963.71552,59998.2981,66416.30743,24765.353,6079.28031,29463.78819,42835.68906,58079.39378,17124.84466,17971.38464,25987.39885,45502.29337,6347.084741,29751.32465,2477.892057,36545.58969,25587.59197,16428.33711,17919.57579,77328.68206,48682.14223,3166.709549,17059.83981,17397.79335,15894.84307,17016.64359,36841.6469
GREATER INWOOD,45399.42065,52355.255,46639.86803,72060.90817,28233.77899,0,94217.12731,78564.9469,58879.86366,27671.5054,46279.22055,56472.01275,61753.48313,72428.72839,17772.24438,23550.68277,42267.55917,91300.14617,34113.54935,13937.40539,17945.7855,64528.36628,13322.50266,77277.84853,58474.10828,9661.670293,19543.34751,4859.996725,44987.90279,15245.79335,32388.5478,57772.25807,2230.968388,17302.93858,15362.50222,46022.67971,21178.93826,21541.75954,46663.73094,89801.10398,93562.28079,2956.558851,20488.53931,50731.21141,65339.89383,88487.95637,82081.73988,112351.4551,85361.6925,67938.51846,73698.95868,71898.87925,61728.09195,76708.7954,136397.2502,70668.79789,64028.99377,60854.21172,64313.41896,75271.85978,61880.98055,66035.1946,83666.43403,87299.34209,56288.28244,48659.84813,57266.74954,66004.12918,76685.14285,50722.77849,49293.00872,54681.39719,67291.49635,44524.70189,54959.59179,41137.44371,57248.52943,49116.98533,57304.15312,60725.70723,103373.2324,66183.43299,37595.49251,43144.61425,41989.02335,35818.11074,25119.40615,35559.6416
GREATER HOBBY AREA,49712.04156,35931.23291,41095.79462,30035.01666,63526.24859,94217.12731,0,3144.911656,107362.6828,51849.7399,42936.83144,35094.1316,39617.55659,44003.62893,65091.95602,56982.54411,54628.37622,3575.649082,51808.46848,73483.88334,96482.63185,54006.905,88232.99908,62454.64377,56782.92426,88280.1549,68828.24107,74064.68841,58870.28686,105545.065,65523.70264,62605.32826,84084.35781,71092.86746,93973.3925,74291.03538,131083.3142,105301.2518,107079.3643,138672.9488,106102.464,94810.94161,107745.0854,67728.66159,78796.38885,52924.88472,63255.68501,4634.192279,11934.50894,64944.68188,29718.05436,16795.46532,84946.10742,20057.21337,31197.00252,54767.20953,46180.42096,66026.47223,36141.92223,10865.74664,32382.13522,22517.60483,14183.37722,8241.141987,38225.89959,62407.07454,29065.59083,19796.92146,24051.73669,44197.20679,84506.90709,40767.08192,25208.83202,51216.3423,30300.54406,67445.75573,32544.40892,43145.87518,44634.90602,53175.37495,5740.552727,29035.75763,54079.73369,87140.45133,46169.46695,88725.25579,90688.78663,110422.9821
GOLFCREST / BELLFORT / REVEILLE,34034.13826,19688.68982,25155.33511,18078.17392,51538.2736,78564.9469,3144.911656,0,98571.5186,35629.63636,26672.85744,20620.98887,25687.48857,33791.36818,49591.36773,40152.77795,39003.68363,6494.703619,35378.48684,58986.63013,82701.00499,40311.88612,74294.87511,51322.40126,41908.53395,73204.2272,52424.74982,57531.13562,43757.27755,91325.588,49414.42012,49397.5724,67327.20728,54360.59193,77592.7361,59202.22801,115199.6948,88748.41682,92146.29853,125342.2665,95744.41663,79868.18646,93675.18185,58722.80146,71867.30576,53337.31357,59674.06312,16116.79794,11119.47024,59723.76439,29111.42161,11473.53651,78473.74527,6272.157737,42222.46124,48773.52405,37837.88426,58113.70313,27065.63114,3070.286175,22262.04285,7813.049628,4185.265849,3753.082822,26016.07734,51215.36162,13343.95347,3904.999644,11895.53823,30775.69274,74620.91049,26908.57442,9354.244712,37611.43075,14483.42017,56029.61328,16301.43643,28009.22599,33665.93907,44544.33492,11172.84752,14908.04376,39876.70317,76320.45126,31581.42075,77108.54749,77845.36411,97988.8484
ELDRIDGE / WEST OAKS,77312.31933,88908.57503,80891.69569,110586.785,39158.35817,58879.86366,107362.6828,98571.5186,0,55477.1504,88926.50758,98236.79254,108995.7613,115813.3448,57944.00018,64201.7033,90579.38157,99029.08299,83042.92706,45334.99278,32932.28517,112448.7738,37452.22163,128658.3977,109780.0626,47319.49307,74513.79011,56380.62573,96464.80262,40992.38064,91365.03161,112681.3217,64856.81741,78765.32677,83595.70768,103829.5882,72980.17517,88511.67793,111824.8324,155315.3452,154104.2719,43660.97284,35886.29324,25687.57356,29651.43864,59290.33751,55618.91774,123332.0527,88104.29944,38342.2008,58843.83025,82592.23429,12615.73031,103960.0986,154376.5772,50614.67384,59379.96884,37510.18993,67562.56145,89986.40308,70703.03599,82383.98557,110223.4601,115551.3145,71545.27747,43141.56598,79099.44038,92890.61975,108375.8774,67383.35824,13326.51322,76363.80657,96097.70814,54396.0314,80553.28648,28493.3098,88141.21203,77166.4951,59886.94717,47174.20026,125003.2145,100052.5892,54256.40702,8094.104058,69268.99315,5598.652716,15557.18481,9183.233139
WASHINGTON AVENUE COALITION / MEMORIAL PARK,4593.350601,13716.64829,6758.953119,35869.61667,3889.966584,27671.5054,51849.7399,35629.63636,55477.1504,0,13249.908,23391.72365,33285.09911,40247.17671,2920.486795,2705.487414,16330.78082,50641.66326,7856.21576,5497.502372,28862.99494,37416.9765,20445.03104,53630.75747,34668.03413,20521.15372,15032.98418,12305.33938,24216.74398,37143.90981,21014.86069,40071.40101,23162.80131,21275.42936,36431.16572,36414.15722,64905.57678,50921.93529,65059.58982,105235.2638,89163.64042,26375.64549,39519.42513,25542.74007,43781.40654,58055.62805,51146.91723,69388.55673,45220.45374,40047.82699,39624.1045,33041.16841,44535.83814,35425.54547,93373.81363,37525.60592,29392.57567,32136.33461,28448.40805,34299.0319,23708.41557,25727.4293,42497.48191,47264.54759,16939.80515,16478.42922,16767.67549,22932.66177,36898.43156,12792.97148,33461.62893,14389.55309,26510.56832,8519.635137,13293.12828,16696.95334,16514.13596,7823.485817,21622.58371,28428.57949,61741.31608,27347.77725,2148.232987,32188.75043,3468.905649,30124.27814,27842.33452,47512.53747
GREATER FIFTH WARD,12481.36674,2487.749936,3495.106413,15524.48012,36735.92177,46279.22055,42936.83144,26672.85744,88926.50758,13249.908,0,2244.674933,10538.05831,20751.31876,24318.53179,10796.09189,2175.407546,45839.09935,2980.641174,36915.55252,59264.53757,15427.55756,51192.22604,31153.21108,12728.95119,44637.33985,16716.45056,26588.5163,9245.963812,65088.18841,13293.61938,19395.82364,33653.38921,17710.73339,41124.45069,23229.6128,81132.36989,51925.67324,56703.69723,92106.57405,70378.0841,51124.90866,68143.72276,55030.95939,70878.87302,72359.67444,69980.36226,58370.40229,43733.55259,64586.12861,48156.30314,33548.90052,75970.88265,22273.89265,80549.75034,55474.5707,44755.13039,56915.85516,37209.49616,28556.92934,28922.79131,22023.2489,28355.30721,30889.8257,24155.25342,43875.93558,18832.93403,15424.27959,20489.25895,21895.71475,65402.98638,18927.44098,12413.6972,25988.29702,12420.1146,48614.56087,8555.754233,13066.53111,35290.84123,48089.24849,48677.2853,9356.460951,23285.57387,65683.82646,15830.26967,63523.1883,60671.21756,79592.78615
DENVER HARBOR / PORT HOUSTON,22442.66519,3961.270247,12794.58133,2867.695807,47293.95644,56472.01275,35094.1316,20620.98887,98236.79254,23391.72365,2244.674933,0,1794.291434,12605.06262,35503.35834,21972.0877,4419.1698,37896.69872,14069.7105,48111.66143,70568.00068,9077.131963,62521.80733,23680.54711,7629.086299,55707.12354,26872.2686,37487.01918,8528.622599,76122.57497,17706.94997,14579.25528,43485.18729,25549.69849,49261.87792,24128.68795,90592.45446,57724.13778,55773.60791,88735.21883,65057.4696,62179.35999,79318.70594,62265.35825,80180.63939,75581.3371,76733.24689,46822.7321,39951.35543,71472.2854,50454.91212,33608.42641,83334.36993,13511.66203,61673.80991,62398.29593,51135.02194,65919.35727,41948.04649,25628.91189,32874.62844,21694.7045,17329.37541,18440.1271,30867.69665,51830.26282,19973.46098,15132.13608,9795.346721,29094.96239,75511.02153,26416.78585,7740.419921,35369.27011,17508.06081,56844.95599,10394.77082,21049.98531,42745.42258,53780.17584,38659.57433,1935.529919,33302.69207,74914.26911,25834.95097,73389.26836,71403.52173,90724.5676
PLEASANTVILLE AREA,30612.56673,11581.60378,22098.82391,1503.868072,56772.33753,61753.48313,39617.55659,25687.48857,108995.7613,33285.09911,10538.05831,1794.291434,0,7069.883214,43614.52808,29627.34776,6238.501009,46207.6902,21817.43803,56051.0888,77845.88155,3864.880236,69906.26593,17252.31538,4165.068084,62532.47678,32908.03903,43912.10675,8632.020011,82094.81881,20382.6861,12315.69579,48353.77867,29756.16101,52174.9091,21293.47704,94741.38911,58697.52698,55070.97042,87131.03438,62219.24393,68571.63586,85845.56667,74014.08803,88105.84805,83216.40854,83888.53411,50734.33874,46944.87291,80652.72853,57633.52111,39892.26847,94980.86985,17490.03416,68827.85124,70232.94682,59108.50656,74189.45875,49057.13138,31924.17414,40619.51453,27366.32857,19819.20582,19538.93261,38336.67221,63026.77708,26763.2551,22198.38033,13034.24907,39202.79027,85612.41537,34182.8995,13844.25571,45264.19063,24310.35651,68760.02064,16466.96602,28933.7505,50297.06156,64377.80015,40911.89458,7239.287595,43402.3047,85820.88609,34274.21328,83406.12815,79935.21966,98584.25847
NORTHSHORE,42641.45512,22307.40785,32758.66457,6519.2592,67213.84479,72428.72839,44003.62893,33791.36818,115813.3448,40247.17671,20751.31876,12605.06262,7069.883214,0,53679.20184,40127.35436,15985.52395,52755.7194,33892.6722,66328.35663,89918.82559,2713.564002,82016.75178,8416.49926,12511.35139,74150.02202,43731.06198,51017.55404,16414.99778,94258.55993,30954.662,12229.46058,57429.28491,37416.33392,63339.05121,27084.46069,104823.9748,66938.94761,59861.93868,84617.264,50037.64357,79387.71657,98005.48281,82313.96278,100349.1994,93701.14063,96160.63483,46037.3361,56461.25575,91493.51526,67327.01294,51172.61346,102896.4034,26648.37097,56878.07195,82030.24217,70536.07662,86016.90767,61017.63306,42437.75925,51927.12309,39170.99133,26106.73177,20060.65778,50507.97702,72157.87933,38589.84171,33181.98829,19007.59255,49048.40769,95900.07232,46278.40821,25385.34995,55639.70271,36537.16363,76301.33491,28683.96209,40994.79666,62520.98988,73564.13097,43080.3845,19374.60353,53581.59926,95161.52969,46242.76136,90748.58699,88593.28403,106094.6959
LAZYBROOK / TIMBERGROVE,16498.71281,26098.55744,19655.79758,48159.44208,10808.16547,17772.24438,65091.95602,49591.36773,57944.00018,2920.486795,24318.53179,35503.35834,43614.52808,53679.20184,0,2389.90646,24235.29959,62720.57207,17037.48439,3121.798828,23864.2233,47974.97983,16153.08476,62308.79051,43636.36525,9507.483778,11268.50462,3848.931542,31822.9719,29417.66107,25361.13089,48001.7087,13535.36767,19446.54744,27601.05269,41960.40548,53284.42983,43104.2479,62710.05563,105637.6094,96272.55133,17070.04103,32267.78573,36133.61055,50831.3252,68009.9525,59936.82043,83494.54962,55691.74913,51110.60228,49794.82562,43410.46878,52865.42125,48414.67394,108115.8343,46711.7596,39453.81297,41902.04541,38104.63752,45368.63973,32697.60616,36152.01845,55539.76425,60317.73455,26458.32149,26620.80231,27907.99675,37166.0955,49941.02338,21797.30309,39428.81541,24842.38177,39526.10092,17282.24037,25990.92544,26022.80837,29511.24662,19688.10524,30339.81138,37344.66325,74765.87647,40304.98313,10886.18297,36160.82741,12178.18,31354.35474,26014.09655,44312.21887
GREATER HEIGHTS,9286.241505,14911.87892,9288.299098,35710.19657,16843.46007,23550.68277,56982.54411,40152.77795,64201.7033,2705.487414,10796.09189,21972.0877,29627.34776,40127.35436,2389.90646,0,10670.15029,55710.90117,3057.517358,12858.8103,35931.9975,34840.77805,28086.74796,48354.99828,29686.53411,20466.5647,3518.200498,3647.938797,18304.1417,40929.39829,11972.00454,34629.18854,14134.22687,8967.77591,26620.37292,28077.24236,60049.53284,41909.63512,53247.93631,94074.51319,82571.37082,26401.98963,44125.24044,41086.16739,56970.74869,70304.23495,63354.17405,73276.79609,51196.98367,54571.57089,48125.11726,38747.0964,59004.9884,39008.39583,96846.35413,49061.78471,40399.9836,45385.91462,35887.96931,39774.42842,30826.90046,31597.80808,45921.29528,49708.9312,22997.54423,30480.36353,22321.89537,27011.59416,39103.11322,19934.224,46130.70593,20062.3227,29595.55251,17711.79811,17954.55338,31737.9698,19656.89024,12974.68485,30742.5116,39532.97683,65556.20404,29052.19757,11414.49134,44014.94348,9116.635954,38510.91326,35106.17166,52047.47721
KASHMERE GARDENS,18858.01854,13610.52127,11566.46125,17218.84725,38825.85028,42267.55917,54628.37622,39003.68363,90579.38157,16330.78082,2175.407546,4419.1698,6238.501009,15985.52395,24235.29959,10670.15029,0,58946.9134,3600.315766,36500.30014,59081.38693,8943.148497,51057.19033,24684.82554,6000.580114,43009.95395,12812.39129,23767.42991,2364.084698,63146.67186,6403.776587,13286.12822,29042.00761,11528.90249,35425.07281,16650.2007,76206.89597,45195.58872,49852.88247,86126.58754,63933.59351,48401.83415,66867.07836,59568.08803,76136.94765,82169.22159,77894.18917,68140.55654,56243.69135,71220.79917,58163.69587,44985.38258,79893.63064,30884.42283,87133.77495,63225.01417,53506.88929,62707.27162,46375.28025,41479.35866,38803.10264,34298.20233,35325.24231,37691.42564,33006.17715,48475.96157,29449.71665,28713.49971,27750.10352,29758.18369,68330.48845,27861.5486,23075.97103,31683.40253,22264.81221,51855.73623,19417.59187,21135.464,43218.10315,55091.4919,57439.44499,17468.84414,27570.80524,67620.95133,21257.5327,64427.83536,60382.36218,78822.04078
MINNETEX,47948.77065,38988.56071,40706.80552,38370.29401,56562.63352,91300.14617,3575.649082,6494.703619,99029.08299,50641.66326,45839.09935,37896.69872,46207.6902,52755.7194,62720.57207,55710.90117,58946.9134,0,52396.15614,68688.18622,90002.31154,60999.38013,82142.71795,72189.25892,62346.91449,84385.36737,69222.28638,71090.93927,63806.82506,99605.7669,64969.02015,66394.735,81975.14801,69756.30253,93942.06553,79233.02854,128628.4673,103340.7882,107533.1571,141803.9776,113280.4902,90115.22816,101537.1209,57750.00516,66583.13356,36349.07352,48441.82069,20379.51259,2127.124135,50920.38794,18011.36596,9811.205909,72566.20458,26000.56048,46696.78852,42173.24193,35896.97726,54747.97106,27028.96787,7022.936132,24581.50595,21175.32021,23563.63647,22119.11254,32357.28195,52681.16394,28388.9047,22616.62682,32678.58087,36931.23425,74295.5483,36886.18309,28846.85436,45841.2349,30536.33135,60670.73411,33742.13841,40920.8712,35879.99526,43276.04196,22942.29862,35226.04933,49696.89895,79767.38736,42843.93177,83360.48943,85520.29526,105107.3917
NEAR NORTHSIDE,9357.517238,7601.937971,3812.574757,27238.50201,31077.03698,34113.54935,51808.46848,35378.48684,83042.92706,7856.21576,2980.641174,14069.7105,21817.43803,33892.6722,17037.48439,3057.517358,3600.315766,52396.15614,0,28515.27158,50091.63607,28124.76345,41968.86712,41008.35465,21320.51395,34163.99412,4691.317002,14770.56442,10897.49815,54326.70387,5251.810222,27238.69219,20636.03452,6591.292215,28378.88141,21217.80779,68461.50537,40545.85486,49151.31723,88959.01094,75559.36452,39507.80417,57951.66191,50889.86067,66556.35329,73168.7448,68151.86473,68421.14266,48423.99107,61969.46959,49069.06424,37077.76984,71489.61091,31923.66319,91343.2793,53791.2605,44025.51673,53451.20159,36978.25145,34722.54876,30175.32712,27773.7602,38610.77923,41805.76925,23692.77786,39730.85785,20866.80619,22843.28881,31058.65855,20324.91718,60273.72901,18973.42387,21847.31119,22272.1737,14084.25645,43633.54841,13205.20729,11736.77154,33575.14908,45737.92964,58634.76314,20641.86556,18799.65724,60056.49104,11641.24585,57027.39992,52072.32676,69986.339
SPRING BRANCH EAST,28590.63284,38829.17566,32081.53181,60894.54058,4393.103237,13937.40539,73483.88334,58986.63013,45334.99278,5497.502372,36915.55252,48111.66143,56051.0888,66328.35663,3121.798828,12858.8103,36500.30014,68688.18622,28515.27158,0,11196.25417,60314.27881,3365.169217,74464.67302,55954.30351,2800.216049,18940.07574,4767.46797,43188.21488,17474.544,36187.63107,59569.5449,14728.53875,26231.77845,31161.22018,51917.49702,46874.65929,44000.94627,66196.70574,109553.9551,104910.5545,7497.245861,20005.74442,28235.68719,43683.68246,65666.19939,57439.49591,92603.54996,62562.91943,45128.64991,49977.65473,49393.0574,42366.73959,60221.03036,118210.754,45528.53606,38840.64718,36431.89339,40310.06497,54155.51136,38715.78208,44809.71236,67252.40647,72505.96967,35268.52669,23517.93247,37623.1022,47668.691,62291.8765,27767.90399,28886.19043,34774.07236,51297.62231,19775.62019,36881.27098,18383.11754,41790.7296,31046.63623,32172.38865,36013.68917,85850.57012,52769.47549,12857.74868,24652.41598,22483.05237,19124.62648,12684.01563,31169.63916
SPRING BRANCH NORTH,51137.32577,61593.67081,54699.26927,83999.84759,20434.67998,17945.7855,96482.63185,82701.00499,32932.28517,28862.99494,59264.53757,70568.00068,77845.88155,89918.82559,23864.2233,35931.9975,59081.38693,90002.31154,50091.63607,11196.25417,0,83654.46468,1981.621155,96227.57986,77471.10947,8419.431424,38700.58799,19239.87141,64941.18666,5113.401376,55808.957,81232.82193,27271.51542,42352.46968,43019.24252,70625.67363,40581.6203,50584.57266,76046.89734,119413.3796,120804.4004,5349.29634,2488.786138,34693.28335,44857.15293,75030.69095,66956.4645,115810.3142,81942.51696,51922.77114,65550.6156,69990.59,40099.64441,82580.70466,142033.7225,55695.41424,54717.0141,45109.58083,59158.35932,75481.86339,58426.30196,65864.41734,89598.21254,95039.2441,56690.91156,36478.67394,59494.29719,71534.69269,84912.83988,48386.9084,28294.07892,56593.89879,73707.29526,38860.65276,58940.00875,24503.44193,64379.96434,53432.33643,49025.35855,46733.98082,108632.4557,75390.29825,32738.34413,20399.31744,44772.9572,12959.09622,1998.285862,11455.11323
EL DORADO / OATES PRAIRIE,38759.71087,21934.24595,28894.12955,12123.9423,61751.59447,64528.36628,54006.905,40311.88612,112448.7738,37416.9765,15427.55756,9077.131963,3864.880236,2713.564002,47974.97983,34840.77805,8943.148497,60999.38013,28124.76345,60314.27881,83654.46468,0,75370.05972,2264.119522,4111.049564,67334.39743,36695.3192,46089.0951,9144.263223,87123.70738,23834.82356,4334.096649,50030.54798,31433.84893,54951.31354,20564.63382,96372.83769,59222.1917,53057.82628,77810.65095,46590.61601,72222.05166,91188.30202,80191.44943,97425.8615,96217.77191,95148.06508,63902.36393,61480.43415,90108.40933,70821.27384,53719.13434,100965.0474,31576.62836,78443.4192,80842.26475,69703.58274,83311.69222,60875.43015,46307.29181,52769.35407,41118.50488,33225.35384,32971.83164,49088.5192,69000.89718,39271.28614,35611.39728,26165.43069,47400.05031,91477.36729,44142.76744,27776.8653,52229.54839,36059.13463,73266.10998,28912.73065,38486.07032,60817.58842,73622.68969,53371.83394,20633.43995,49276.0842,90362.50193,42294.41378,86387.37025,82852.20518,100974.6012
SPRING BRANCH CENTRAL,42639.0516,53225.37296,46244.34967,75824.50303,12555.19336,13322.50266,88232.99908,74294.87511,37452.22163,20445.03104,51192.22604,62521.80733,69906.26593,82016.75178,16153.08476,28086.74796,51057.19033,82142.71795,41968.86712,3365.169217,1981.621155,75370.05972,0,87740.46767,69474.96566,1928.264278,30933.67986,10423.14909,55740.77759,7558.392036,48395.2875,72122.44673,19428.84312,34087.49616,37161.13229,61694.13019,40822.45951,45696.8318,70194.00658,113705.407,112858.115,2878.023416,10040.03435,28921.51304,41073.10783,66610.8929,60504.43201,107539.7154,73100.65477,45285.1688,57442.45627,62091.84208,35659.74158,73821.04125,133643.7686,49221.81305,46348.59042,39318.59301,50321.58579,67202.58097,49487.69898,56851.87201,80785.77546,86549.26636,47688.8243,28747.36752,50606.19525,63065.89953,76349.71869,39381.90847,25005.08055,47609.29674,64968.28779,29908.05468,50110.36837,18325.31734,55749.62571,44766.57049,40744.19359,39446.65204,100206.8463,66889.21626,24682.29357,19102.55452,36115.72558,11709.3682,5173.713419,22975.58958
HUNTERWOOD,52492.55024,36059.03966,43723.01249,21747.9054,76808.2616,77277.84853,62454.64377,51322.40126,128658.3977,53630.75747,31153.21108,23680.54711,17252.31538,8416.49926,62308.79051,48354.99828,24684.82554,72189.25892,41008.35465,74464.67302,96227.57986,2264.119522,87740.46767,0,15408.43246,80090.9988,49956.36057,61140.79076,21234.67683,98846.11357,34297.89501,8121.529579,63347.6397,45091.98209,63987.72187,24868.18514,107708.3138,66689.30527,53992.13495,76870.79022,42928.70591,85313.80646,103156.8153,96155.75271,111149.9228,110006.217,108676.0703,68523.42781,73870.72257,105343.8846,84455.33263,66942.26885,117047.5451,40900.50829,80239.04063,95610.39388,84404.70374,97789.9029,75020.3191,58983.18863,66751.06189,54404.89463,42024.39485,39512.31713,62314.13184,84981.07161,53055.01166,47075.86114,34142.53689,62703.42092,106182.4092,57606.47103,38556.94052,67096.34527,48737.67744,89478.13989,41522.89278,52013.62829,74818.72216,88839.06047,58526.99548,32068.664,64306.01154,105766.9308,56019.74156,102608.6187,98326.63129,116618.4747
SETTEGAST,34281.70727,21021.72403,25319.37473,17297.38613,57869.86973,58474.10828,56782.92426,41908.53395,109780.0626,34668.03413,12728.95119,7629.086299,4165.068084,12511.35139,43636.36525,29686.53411,6000.580114,62346.91449,21320.51395,55954.30351,77471.10947,4111.049564,69474.96566,15408.43246,0,61967.35923,31805.95628,42914.60546,3112.789329,80452.57956,15941.6467,3637.51082,44549.48818,26512.06848,45710.85782,11250.55815,89039.25989,50099.31389,44647.72632,76444.14075,52934.24293,66817.87594,83729.79102,77434.30318,93035.22037,94132.80142,92325.0586,68936.12712,61697.82145,87387.71224,69115.86424,52812.09072,98212.35236,33590.65169,86643.9486,78162.2036,67041.72631,79422.86196,59050.95743,46385.77036,50455.65826,40514.07249,36303.57899,37888.15246,46315.37704,66232.01158,38658.71581,34644.39576,29407.90224,44683.79229,87209.47372,41036.15301,28369.57873,48468.44195,34295.14566,70530.28156,28428.28208,35237.81618,57603.88342,70907.87521,57954.70121,20843.164,45454.87485,86812.31267,37515.93653,83805.42644,79850.5063,98307.35636
LANGWOOD,38876.55578,48659.55268,41983.61995,69634.59806,18203.18015,9661.670293,88280.1549,73204.2272,47319.49307,20521.15372,44637.33985,55707.12354,62532.47678,74150.02202,9507.483778,20466.5647,43009.95395,84385.36737,34163.99412,2800.216049,8419.431424,67334.39743,1928.264278,80090.9988,61967.35923,0,22962.27949,4158.314702,47987.15546,12793.76077,39842.54502,64430.07802,14183.81807,27807.37696,28463.83846,54538.59705,41001.59244,41348.22579,65603.27818,109207.1673,106582.3886,3946.629928,14956.28723,38114.26549,50040.53088,77813.38538,67998.49479,107038.3273,76273.20985,55665.31256,65159.83106,64440.37511,48150.2182,70870.21216,131919.0545,56678.30706,53871.00607,47368.95021,55045.79695,67421.34976,52389.87142,57865.48218,77949.84598,83365.43005,47286.80824,35254.63569,50287.91397,60961.23312,72259.3568,40914.53706,34915.55335,46386.39275,61950.32448,33445.45323,48229.84058,28294.28201,51863.69665,41913.01887,46102.45572,48216.38369,98592.36353,62616.70287,27708.11737,29015.04087,33830.20054,22898.26676,13096.53172,29482.8832
INDEPENDENCE HEIGHTS,21016.31874,24596.90724,19348.60939,42680.94102,26278.81631,19543.34751,68828.24107,52424.74982,74513.79011,15032.98418,16716.45056,26872.2686,32908.03903,43731.06198,11268.50462,3518.200498,12812.39129,69222.28638,4691.317002,18940.07574,38700.58799,36695.3192,30933.67986,49956.36057,31805.95628,22962.27949,0,3967.114938,18378.22894,41146.28768,10919.33944,34810.09696,6890.323704,2950.342927,14395.80442,26825.30462,53327.78583,29743.64495,45079.8951,87251.20535,80309.19098,27485.30611,44836.42148,51228.984,66910.93076,81237.10975,74212.74466,85370.31908,64197.27573,66106.98899,61232.79883,52263.46643,68678.1931,48990.77226,107856.648,60768.5668,52003.01975,56962.22678,49082.29823,51251.643,43119.24307,43810.97335,55657.26541,58300.6803,35696.63967,41681.77643,35878.65716,39882.26303,47925.35179,32269.10058,55517.41516,32350.96026,38828.06276,28991.0914,29666.99258,41176.99553,29882.04152,24784.64478,42351.81104,51644.13746,75508.48651,36950.88672,23316.04717,52717.01362,21213.46995,47984.28882,41932.25168,59713.31365
CENTRAL NORTHWEST,25755.24801,32543.90742,26817.88536,52684.42497,15280.26616,4859.996725,74064.68841,57531.13562,56380.62573,12305.33938,26588.5163,37487.01918,43912.10675,51017.55404,3848.931542,3647.938797,23767.42991,71090.93927,14770.56442,4767.46797,19239.87141,46089.0951,10423.14909,61140.79076,42914.60546,4158.314702,3967.114938,0,28040.69417,21150.49656,21328.68252,42897.13501,2678.518156,8883.834318,17889.1143,33518.14851,41573.66671,32006.78654,49347.17196,91899.078,86425.41472,6534.002159,25434.72112,40428.27426,56753.40765,76278.15701,69283.56758,89330.70616,66948.67958,56862.66839,59537.36219,53646.90411,55393.8145,56818.7922,112729.988,56423.92584,48605.43875,48798.15461,48218.17191,56331.9178,44186.67656,47309.68492,63738.93964,67470.33821,37721.40677,34520.08397,38141.78801,44603.55041,56850.39799,33279.59326,41875.74665,35740.73077,47415.70063,28272.30631,35198.36797,30961.2557,37370.43717,29552.24555,41260.77408,47253.1891,83366.74153,46539.95267,21422.61948,37603.03821,23472.59565,31555.06587,22129.57376,36655.69907
TRINITY / HOUSTON GARDENS,28800.29616,21166.20939,20782.63332,20071.08182,45796.46502,44987.90279,58870.28686,43757.27755,96464.80262,24216.74398,9245.963812,8528.622599,8632.020011,16414.99778,31822.9719,18304.1417,2364.084698,63806.82506,10897.49815,43188.21488,64941.18666,9144.263223,55740.77759,21234.67683,3112.789329,47987.15546,18378.22894,28040.69417,0,66809.81867,2882.861601,5758.89717,31204.57922,12722.0755,33414.96342,3398.413835,75966.77876,37895.41432,37179.88502,71809.30975,53103.93526,52380.93012,71402.44178,67202.49992,86128.0907,91169.72642,87773.88586,70629.29564,62735.13765,79366.43152,66434.81905,52650.35083,87168.49821,37339.21233,88563.41919,72999.83248,63094.62336,72805.45308,55835.23212,47450.76027,47098.96332,41195.32248,41373.9277,41744.37214,42502.22271,57069.56354,37825.63519,34052.05635,33953.21464,39064.70519,76977.7309,37213.63089,29395.12452,41794.2075,31281.56269,59365.56253,27563.55805,30877.63115,53025.96722,63477.28782,62726.22229,23477.63133,37059.59315,74987.72809,31360.64065,70068.18398,65384.70351,83577.78737
CARVERDALE,57741.49853,68688.06725,61069.52045,89917.65097,29950.47973,15245.79335,105545.065,91325.588,40992.38064,37143.90981,65088.18841,76122.57497,82094.81881,94258.55993,29417.66107,40929.39829,63146.67186,99605.7669,54326.70387,17474.544,5113.401376,87123.70738,7558.392036,98846.11357,80452.57956,12793.76077,41146.28768,21150.49656,66809.81867,0,56974.26914,82650.8091,26664.49841,42538.20469,39684.19293,71369.05496,26793.99994,46949.83878,73131.00487,116120.3376,120035.4143,2295.482816,2126.189148,46016.2723,55171.38047,84895.01832,77931.16653,124779.4878,91370.46067,62596.97609,75920.70656,79567.67032,48730.2048,89642.89342,150547.7142,66634.48282,64828.65614,56310.05371,68583.20024,84499.0782,67593.18166,74299.15651,96711.32601,102873.7324,64835.38491,46939.2837,67281.09509,79730.33591,92163.91467,56987.95538,39701.00736,64389.40642,80708.47867,47939.21559,66461.53768,34247.20137,70910.08037,60483.18675,58847.09854,57271.35981,117148.6325,81731.59753,42086.34444,30847.97751,51967.66083,22606.00712,10055.05152,15607.24591
EASTEX - JENSEN AREA,26952.15398,23436.7543,21254.79102,31735.40382,40546.11553,32388.5478,65523.70264,49414.42012,91365.03161,21014.86069,13293.61938,17706.94997,20382.6861,30954.662,25361.13089,11972.00454,6403.776587,64969.02015,5251.810222,36187.63107,55808.957,23834.82356,48395.2875,34297.89501,15941.6467,39842.54502,10919.33944,21328.68252,2882.861601,56974.26914,0,15842.02653,19014.19795,2599.661053,21305.4993,4375.082511,62258.9651,23883.44379,28817.64871,68465.33218,57117.49303,42809.01688,61735.91611,62935.72228,80828.06907,91063.35924,84977.14273,77971.7721,65783.05641,75668.32055,64350.95256,54671.01501,82573.93507,44518.75887,98156.68506,70316.21339,61415.90725,68199.13688,54679.91669,50698.98416,48081.16088,43905.78329,49775.52887,51006.00692,41493.84351,52158.08396,38816.82597,37112.00256,42010.80897,38041.09617,70335.39771,36908.24141,35056.48302,38324.29486,31903.60893,54331.03706,29873.12733,29523.49422,50947.87868,60627.20628,70840.56021,30537.2313,32670.08522,68846.91804,28416.58986,64933.53513,59819.37804,76507.29067
EAST HOUSTON,42978.15271,30690.79666,34045.04829,20140.91125,61984.82213,57772.25807,62605.32826,49397.5724,112681.3217,40071.40101,19395.82364,14579.25528,12315.69579,12229.46058,48001.7087,34629.18854,13286.12822,66394.735,27238.69219,59569.5449,81232.82193,4334.096649,72122.44673,8121.529579,3637.51082,64430.07802,34810.09696,42897.13501,5758.89717,82650.8091,15842.02653,0,44684.7336,27128.93164,45957.36565,3825.760643,85744.60395,45116.49633,32382.14843,60013.33948,36758.21784,68043.58352,87498.26013,83301.44911,101206.8734,103187.759,101486.6254,70309.43176,69422.20164,93924.89903,74941.7186,62143.88489,103452.5326,42190.46051,86567.8217,86757.44019,76299.2651,87599.77623,68540.55519,54578.73917,59135.01302,49259.12895,43961.91731,41019.94597,55649.80329,72260.01607,48265.86936,44275.5554,36809.23957,52516.77008,92945.73651,50347.6505,37636.80139,56346.49213,43720.95202,75271.94219,38013.68757,44462.82683,66722.85935,77420.7819,64023.31017,30309.2055,52149.86413,91138.45234,45938.77613,86242.70784,81482.77439,98690.55925
ACRES HOME,35731.68068,41141.90498,35821.07933,59231.34011,25876.17211,2230.968388,84084.35781,67327.20728,64856.81741,23162.80131,33653.38921,43485.18729,48353.77867,57429.28491,13535.36767,14134.22687,29042.00761,81975.14801,20636.03452,14728.53875,27271.51542,50030.54798,19428.84312,63347.6397,44549.48818,14183.81807,6890.323704,2678.518156,31204.57922,26664.49841,19014.19795,44684.7336,0,4552.495323,4896.684499,33188.84096,34556.39321,13837.49812,37372.75962,80635.13237,81733.515,11952.39521,31753.83778,50758.19344,67502.51016,87360.48395,79900.57569,99733.04703,77368.94476,67539.03007,70656.08058,64146.84406,64155.49689,65880.45796,122633.0673,67114.25752,60112.97629,59349.34793,59127.33399,66586.92892,54840.47223,57692.22671,72664.16013,75454.80867,48182.74881,45021.69255,48411.43215,54035.92922,65095.72861,43999.32964,52020.61343,46065.84212,55930.68926,39288.69492,44967.13175,41645.0186,46527.61875,39596.74427,52298.60602,58092.10379,92431.88777,54095.40753,32444.07597,47624.0536,33910.10138,39811.44565,30880.21313,44916.51897
NORTHSIDE/NORTHLINE,27129.54226,27224.77227,23953.33687,40872.46158,33465.90794,17302.93858,71092.86746,54360.59193,78765.32677,21275.42936,17710.73339,25549.69849,29756.16101,37416.33392,19446.54744,8967.77591,11528.90249,69756.30253,6591.292215,26231.77845,42352.46968,31433.84893,34087.49616,45091.98209,26512.06848,27807.37696,2950.342927,8883.834318,12722.0755,42538.20469,2599.661053,27128.93164,4552.495323,0,7774.982501,17026.22418,48347.46259,12862.53654,27164.64765,69319.4322,66599.55072,27868.49788,47431.24043,58151.6836,75184.40544,89321.81012,82326.94748,83723.39511,68597.22188,72059.79864,64621.00962,57015.7048,75497.70692,50922.85475,104761.7712,68162.85206,59543.56019,63785.95771,54298.1304,55032.11481,49663.66113,48121.17509,56857.29255,58606.82879,41793.87285,47950.10794,40053.00151,41179.50797,49050.37883,38623.118,62308.24704,38194.5117,40816.27777,36739.17214,34118.036,48493.16942,33514.68051,30506.02107,49995.08868,58624.4601,77382.18191,37460.48239,30307.26932,59206.59411,28015.21,52601.9364,45107.51573,60665.52331
HIDDEN VALLEY,45607.89391,49760.44404,44205.33079,63296.74557,42507.18758,15362.50222,93973.3925,77592.7361,83595.70768,36431.16572,41124.45069,49261.87792,52174.9091,63339.05121,27601.05269,26620.37292,35425.07281,93942.06553,28378.88141,31161.22018,43019.24252,54951.31354,37161.13229,63987.72187,45710.85782,28463.83846,14395.80442,17889.1143,33414.96342,39684.19293,21305.4993,45957.36565,4896.684499,7774.982501,0,33478.13676,38100.78892,9206.188016,31808.3443,74973.07056,78887.36005,27711.29918,44373.97373,68234.12797,82213.30719,102223.7165,94084.52607,110431.0354,88158.16971,84346.36176,83636.27904,75979.03356,82998.18724,73216.44421,132355.6281,80934.86166,73504.51714,75343.88164,71759.24469,76154.91804,66904.88242,68487.75412,79286.12322,82329.94437,59418.26551,60117.68513,59854.08636,65047.49245,71484.32744,56436.05668,69471.93384,56818.4069,62889.70399,52184.92568,54168.85135,57917.1842,54646.14552,49461.13196,65362.50931,71930.03578,100481.0454,59854.24454,44981.96134,64827.72522,45223.44696,58861.92024,49519.29887,61421.91077
EAST LITTLE YORK / HOMESTEAD,41898.45207,36137.53431,34681.47821,33625.25231,55446.17149,46022.67971,74291.03538,59202.22801,103829.5882,36414.15722,23229.6128,24128.68795,21293.47704,27084.46069,41960.40548,28077.24236,16650.2007,79233.02854,21217.80779,51917.49702,70625.67363,20564.63382,61694.13019,24868.18514,11250.55815,54538.59705,26825.30462,33518.14851,3398.413835,71369.05496,4375.082511,3825.760643,33188.84096,17026.22418,33478.13676,0,75134.46777,32377.90925,15736.01406,49486.21405,40340.43384,56700.41945,76245.72244,77811.73416,97507.55941,105440.5199,100859.5535,85786.76633,76547.30362,91470.25682,79460.35022,66777.67541,96873.00888,51475.42865,102325.6791,86107.24738,76715.64642,84718.28831,69599.59984,61553.6002,61533.73818,54680.88219,54968.75965,54882.49161,56241.48134,68736.40534,52629.13019,48733.15173,47740.63425,52681.27779,86842.08017,51097.01411,44085.14418,54311.99901,45447.19376,70352.14697,42246.06672,44265.4724,66320.97404,76453.27619,76234.54876,37760.91334,48963.07869,84322.02181,44010.98416,77293.12349,72130.63278,87931.54038
