,FOURTH WARD,SECOND WARD,DOWNTOWN,CLINTON PARK TRI-COMMUNITY,GREATER UPTOWN,GREATER INWOOD,GREATER HOBBY AREA,GOLFCREST / BELLFORT / REVEILLE,ELDRIDGE / WEST OAKS,WASHINGTON AVENUE COALITION / MEMORIAL PARK,GREATER FIFTH WARD,DENVER HARBOR / PORT HOUSTON,PLEASANTVILLE AREA,NORTHSHORE,LAZYBROOK / TIMBERGROVE,GREATER HEIGHTS,KASHMERE GARDENS,MINNETEX,NEAR NORTHSIDE,SPRING BRANCH EAST,SPRING BRANCH NORTH,EL DORADO / OATES PRAIRIE,SPRING BRANCH CENTRAL,HUNTERWOOD,SETTEGAST,LANGWOOD,INDEPENDENCE HEIGHTS,CENTRAL NORTHWEST,TRINITY / HOUSTON GARDENS,CARVERDALE,EASTEX - JENSEN AREA,EAST HOUSTON,ACRES HOME,NORTHSIDE/NORTHLINE,HIDDEN VALLEY,EAST LITTLE YORK / HOMESTEAD,WILLOWBROOK,GREATER GREENSPOINT,IAH / AIRPORT AREA,KINGWOOD AREA,LAKE HOUSTON,FAIRBANKS / NORTHWEST CROSSING,WESTBRANCH,SHARPSTOWN,WESTWOOD,FORT BEND HOUSTON,FONDREN GARDENS,SOUTH BELT / ELLINGTON,SOUTH ACRES / CRESTMONT PARK,BRAYS OAKS,CENTRAL SOUTHWEST,SUNNYSIDE,ALIEF,PECAN PARK,CLEAR LAKE,WESTBURY,WILLOW MEADOWS / WILLOWBEND AREA,BRAEBURN,SOUTH MAIN,SOUTH PARK,ASTRODOME AREA,GREATER OST / SOUTH UNION,PARK PLACE,MEADOWBROOK / ALLENDALE,MEDICAL CENTER AREA,GULFTON,MACGREGOR,GULFGATE RIVERVIEW / PINE VALLEY,HARRISBURG / MANCHESTER,UNIVERSITY PLACE,WESTCHASE,MUSEUM PARK,LAWNDALE / WAYSIDE,GREENWAY / UPPER KIRBY AREA,GREATER THIRD WARD,MID WEST,GREATER EASTWOOD,MIDTOWN,BRAESWOOD,MEYERLAND AREA,EDGEBROOK AREA,MAGNOLIA PARK,AFTON OAKS / RIVER OAKS AREA,BRIAR FOREST,NEARTOWN - MONTROSE,MEMORIAL,SPRING BRANCH WEST,ADDICKS PARK TEN
FOURTH WARD,0,14934.23253,5317.750262,35965.74725,28441.4348,49626.97601,55068.13416,39309.26481,90009.13012,12305.95193,15538.41818,25981.63719,32256.83518,49813.85914,21117.84419,13795.65129,22540.40892,52755.50888,13817.57209,32828.59024,54522.77387,43945.03175,44974.21793,54306.74151,36531.78746,41425.15278,24031.85194,30630.28437,32277.10962,62396.09709,33435.22653,47731.20137,40242.77928,33479.54885,47974.47405,47044.75855,85869.07561,65430.07482,79031.67828,120149.9331,104725.8172,51322.41825,61707.78559,47466.87582,58650.13034,64798.80766,59099.84067,75905.72746,45071.0444,56177.24091,47809.77384,33918.52579,68195.57406,32600.7437,99111.20514,46562.7676,36314.58155,49064.05274,29759.70919,33520.91475,22961.92311,23086.02074,38971.38842,47467.55302,15589.06592,33827.62119,16120.30151,25297.09521,37261.93717,13312.39835,58213.2618,8958.490026,24507.63754,16733.40096,11222.66227,41168.46183,14928.60893,4034.452958,25751.43,39075.77926,62316.35456,26411.46091,15958.4689,60107.83584,4930.64727,63213.85253,57331.18636,79816.43688
SECOND WARD,14934.23253,0,6061.287697,15022.78099,40560.33252,56220.93974,41003.73377,24975.61413,101544.2048,23340.08796,5875.671505,7605.444848,15076.55241,28645.24684,30627.64909,19231.7878,15340.23914,45571.10501,12207.31771,43025.81414,65573.11224,26259.48524,57206.7711,38600.84005,23888.14156,52565.16546,27762.7587,38078.1378,25035.46622,72634.75294,30293.02306,35412.99634,45550.16321,34926.06038,52891.71844,41125.35546,92267.92572,66806.16224,76347.96416,112877.9787,94979.0252,60140.90775,75320.34566,58895.06056,70548.2302,71029.57084,67108.49396,58788.06976,41697.46263,65914.76792,51980.5276,32054.90524,79579.62444,16673.83357,81111.30264,55258.36426,44117.15224,59864.28692,35148.12682,25914.76993,27121.71165,19168.87977,23316.58093,28073.73545,21004.19959,45155.73273,14171.08546,11826.97031,16937.41254,22477.06764,69957.4608,16506.80203,6753.149984,28326.47267,8200.235477,52902.97729,3228.92742,11466.15321,34292.27797,48834.6311,44579.48438,6204.185753,27593.20533,71660.70864,17207.82472,74669.83161,68393.458,90706.70463
DOWNTOWN,5317.750262,6061.287697,0,26624.46544,32048.41703,50550.97751,46474.66016,30514.1479,93521.28091,15857.9931,6599.692075,16422.12293,24000.92627,40044.82828,24293.27797,13662.66414,14369.68699,46333.92977,9034.957651,36306.86059,58082.82416,34065.58654,48494.22284,45751.93821,27564.79612,44468.78949,22775.64389,32223.85071,24296.18179,65636.95514,28107.61359,38809.09939,40262.80815,31099.40133,46579.69793,39861.3166,86746.8408,63281.79588,74167.00638,113014.5441,96870.42803,54090.44587,65427.48346,51048.23594,62387.33551,66690.34419,61760.10862,66880.90925,40164.48868,59332.92946,48086.93163,29547.44072,71770.9019,25005.45385,90019.87312,49410.87034,38808.48751,52508.14372,30973.01311,26258.91181,23076.86545,19041.94164,31914.90528,38170.47412,16342.7837,37373.27065,11754.36605,16310.12608,27838.23684,15976.88359,61851.83572,10143.19466,15685.25694,20328.70293,5093.057716,44789.48044,5976.91726,4114.375737,28434.45554,42203.48128,53196.54853,17094.72442,19532.33521,63650.82727,8154.798167,66828.22258,61005.55495,83455.48932
CLINTON PARK TRI-COMMUNITY,35965.74725,15022.78099,26624.46544,0,61706.54995,75833.11894,34586.40424,21790.75783,123341.0864,45426.36303,18341.60565,8027.82163,3966.535828,12398.75159,52568.8592,39963.89677,21371.19171,45038.21087,30230.76646,65062.14299,86915.68195,16087.04215,77684.21871,26538.2849,20153.02732,72089.25398,46154.63484,58810.59598,24646.43779,93259.00696,36089.41839,25224.57441,63576.61627,47831.58142,65979.22083,37019.33469,109750.796,75129.98309,74821.63574,102483.9677,82438.19012,81384.74677,95035.89574,79087.90072,90496.0837,84710.37253,83555.12531,46326.98225,45312.49721,84384.42588,62842.23017,39652.63362,99636.1213,12719.34541,66254.14219,72718.84767,61212.89498,79251.40549,50991.14479,29948.6157,42590.44438,30010.63437,14136.20023,14469.42352,39731.25255,65377.11932,29826.3583,18918.99327,7260.509496,41942.47328,91241.13411,36864.33891,11862.30338,49120.38159,25227.43924,74181.33868,17698.73113,32499.81632,52432.95671,67526.49285,34968.22095,6515.836395,49253.92264,93446.63087,38322.4898,96706.01501,90592.81283,112862.3605
GREATER UPTOWN,28441.4348,40560.33252,32048.41703,61706.54995,0,32854.74169,68636.04694,56108.61339,51711.95344,10447.71706,40137.00822,50876.1016,60176.91844,74666.15591,16109.40123,21654.09434,42581.89147,61317.78348,34672.94617,10091.31976,24064.16989,66858.09412,16142.28921,80367.95182,61449.66421,23164.29587,31282.54331,21147.2755,49880.89889,33721.43941,44553.31356,66535.67344,31918.18624,38449.13239,48440.07496,60019.47121,67609.23281,59512.35412,82008.47113,128921.6989,119015.2307,26848.45565,35432.33463,15268.06093,32489.55177,50148.19357,43978.1303,92405.80574,53605.81683,30745.0754,38087.78708,41591.20247,33964.25424,56961.01934,116475.9781,32265.98548,27177.74045,23078.92914,31079.04543,47482.55215,30410.82153,38529.80229,63749.9161,69639.34018,29264.3891,10751.32974,33313.10059,45600.01067,61783.15048,21380.4266,22504.76686,29930.1132,48440.15412,11223.90606,33155.049,6082.274206,39818.40227,28930.12129,21178.4304,22673.69029,81031.94099,51734.23515,6912.641476,21698.55722,20637.89448,25908.53084,23319.01377,45145.40549
GREATER INWOOD,49626.97601,56220.93974,50550.97751,75833.11894,32854.74169,0,99534.58299,83854.84109,67004.90109,31930.23548,49657.49917,60102.41644,65625.68286,79393.81495,22322.659,29033.03426,46381.06818,95508.61276,37483.14659,18026.27334,21308.66926,68653.00359,17223.62581,81269.89336,62481.34514,13830.52566,23328.35498,10393.4264,48963.62627,18999.6512,36573.70283,62182.7822,6316.065193,23824.39009,20121.17746,50068.70247,27740.97972,25240.77445,53587.73709,103169.3671,104127.9989,6707.089924,24203.45905,54807.0861,69278.18577,92228.1229,86352.62643,120302.5195,89989.9974,71989.54506,79693.77706,76525.6553,67431.02134,80726.44114,143164.0441,74860.37993,68341.94268,65100.45966,68874.61448,79851.53935,66499.51358,70630.93469,87651.89917,91150.30614,60912.04195,52968.01396,61765.10964,69831.80045,80550.34014,55332.33095,53256.43803,59221.04342,71164.02954,48930.08512,59131.45528,45257.13558,61232.12747,53433.95695,61635.47844,65000.36293,107305.0342,69952.56466,41964.76632,46967.59559,46563.7393,40955.12526,28368.02888,43754.59565
GREATER HOBBY AREA,55068.13416,41003.73377,46474.66016,34586.40424,68636.04694,99534.58299,0,7609.35631,119759.3885,57345.257,48019.23981,40218.00734,44208.0806,47095.78786,70439.02627,61453.38004,59562.64491,8327.723405,57042.19267,78811.18046,101729.5335,58534.77495,93511.36851,66846.87433,61544.88818,93617.11215,74068.64684,78621.50659,63252.55996,110839.4158,71952.67244,67749.35026,88525.70874,78885.62613,99196.23329,79007.82029,136385.1583,110485.3169,115968.9208,144538.7288,122918.8084,100121.3062,113009.5269,72477.28078,83420.45958,59007.46474,68004.61959,11974.43774,16551.58114,69598.31286,37950.35089,21800.15048,89554.81307,24929.62152,35671.38754,59420.98753,51013.20043,70689.00635,41048.98315,16174.17622,37454.07453,27948.53611,18828.88425,13192.99466,43483.85024,67219.15884,34433.60499,24819.64114,28528.41964,49327.29382,89284.05478,46152.52493,30318.31275,56532.23622,35658.00917,72470.37414,37827.81591,48531.47495,49661.74741,58024.92269,12881.67922,33830.12818,59441.45114,92029.09676,51576.69811,98128.62116,96733.10059,118193.0057
GOLFCREST / BELLFORT / REVEILLE,39309.26481,24975.61413,30514.1479,21790.75783,56108.61339,83854.84109,7609.35631,0,111231.128,42068.05094,31960.2445,25521.2329,30358.14551,37104.30946,54826.2296,45152.97693,43990.11175,13363.11823,40836.68634,64007.70643,87586.88132,44463.53275,79214.28626,54857.07747,46554.06807,78343.54849,57876.4968,62301.86579,48183.78403,96302.5808,56019.86928,54214.23777,71818.54307,62076.54802,83024.21553,63968.30667,120551.3817,93927.05442,100949.3501,131968.5284,111813.2359,84974.4409,98617.91823,63240.86415,76271.86642,59143.28121,64149.73721,22923.33388,16192.91181,64597.39491,37426.55016,15789.59287,82916.93893,10310.3672,47565.0028,53174.82144,41980.10587,62496.51959,31195.87186,7485.88079,26632.41235,12874.60941,7865.386733,8781.105119,30610.05316,55758.93407,18629.22167,9006.057697,15578.715,35614.81802,79017.41946,31818.36533,14396.43713,42464.48824,19786.432,61529.38496,21730.28826,33155.91688,38135.43389,48613.74972,16842.80208,19094.38861,44843.21627,81939.70461,36628.57131,87321.89855,84220.50516,106364.1235
ELDRIDGE / WEST OAKS,90009.13012,101544.2048,93521.28091,123341.0864,51711.95344,67004.90109,119759.3885,111231.128,0,67945.06519,101460.4401,110895.4211,121455.1839,128175.496,69143.43342,75266.82293,102698.0902,110975.1582,95118.04384,55987.10896,40452.09279,124686.098,48402.07944,140851.925,122049.0223,56633.53567,85558.82954,65379.11619,108292.4616,48328.99201,103078.8872,124337.9773,74163.3411,88746.11235,92402.95612,114846.276,80380.63041,96862.42791,120236.4685,168481.2531,164340.8298,51349.19289,43041.66829,38077.57761,41414.92284,68695.44761,64895.08614,135639.4759,100014.9098,47228.01379,69520.73042,95054.33458,21729.9874,116651.6956,166482.7121,62338.07852,71659.69543,48862.67268,79671.19444,102546.0593,83266.78596,94940.92078,122898.3979,128158.8975,84133.78055,55801.04826,91748.08324,105715.946,121040.0384,80071.51136,25737.42158,89063.31732,108775.1614,67054.31351,93332.00912,41325.07497,100964.6319,89908.89967,72498.51215,59190.43836,137490.2666,112808.1166,66922.39449,20185.45271,82054.56742,12902.59897,21766.02407,16518.9174
WASHINGTON AVENUE COALITION / MEMORIAL PARK,12305.95193,23340.08796,15857.9931,45426.36303,10447.71706,31930.23548,57345.257,42068.05094,67945.06519,0,22845.36404,32891.99182,42779.91165,49573.98112,6313.687171,6449.860945,24748.919,55813.81586,16959.95189,10818.97832,35076.69103,46456.29751,26631.68441,62703.76942,43757.10015,25048.74789,17314.40772,15291.41334,31685.12937,42815.69395,27467.32864,47998.3395,26134.1099,26888.8235,39012.02152,41872.69939,69121.3602,54955.00384,73003.88987,114530.5029,99514.45262,31166.02333,45288.43534,30446.10162,48390.64238,62159.43998,55194.85266,77188.74582,48618.9713,44300.12499,46136.115,37512.61465,50178.63984,43543.95956,100087.7774,41286.91422,32948.19172,36608.74407,30640.99561,38718.11649,26063.43252,29457.43653,50575.25384,55867.85103,19987.61521,20910.65413,21426.61008,31058.14528,45798.17936,15180.15635,39269.59464,18703.07332,34645.01263,11574.65474,20443.83841,21431.24427,25207.5921,14551.69221,24520.74643,32026.98238,69298.37534,36367.29597,5300.475979,38156.49007,6763.533734,40778.46942,34524.22643,56808.68892
GREATER FIFTH WARD,15538.41818,5875.671505,6599.692075,18341.60565,40137.00822,49657.49917,48019.23981,31960.2445,101460.4401,22845.36404,0,5447.419369,13745.27746,28396.38229,28398.85806,15130.52085,5764.453724,52234.93099,6346.129476,40888.53479,62779.46626,20051.83447,54723.63044,34457.97528,16161.06424,48062.03576,20160.4388,32936.40834,12684.79835,68520.28087,20045.54617,24192.84834,38124.17811,25621.30755,44267.01986,27994.72729,84853.88678,57109.52546,65450.66111,100123.2538,83168.03683,55604.95706,71601.1933,60487.4537,73824.02334,75520.54238,72948.49851,65341.46165,47745.38414,68692.85701,56622.73202,37699.79112,81141.33285,25823.74598,87360.5151,58506.52946,47875.37673,62076.79836,40387.09833,32299.0231,31494.35584,24838.73688,31772.62146,33941.85039,27273.80737,46874.94306,22271.91078,18582.16999,23954.89556,25183.93828,70533.27625,22020.47436,16061.86697,29799.11029,15728.07711,53588.32774,12029.39539,16010.20048,38235.58759,51575.6061,52215.94993,12917.93521,28104.56926,71659.92633,18915.84039,74210.57644,67300.37205,89017.30893
DENVER HARBOR / PORT HOUSTON,25981.63719,7605.444848,16422.12293,8027.82163,50876.1016,60102.41644,40218.00734,25521.2329,110895.4211,32891.99182,5447.419369,0,4337.348413,19172.85811,39695.81337,26354.62046,9856.57967,44607.03027,17621.79857,52082.3124,74040.70872,13825.10033,66006.23073,27285.82448,12411.94361,59013.86198,30319.56431,44006.92432,13736.55451,79433.41094,23337.23803,19375.28697,47954.70527,33221.69639,53530.61305,29470.95622,94363.0459,62795.70188,64677.28677,96363.14433,78766.50327,66712.74639,82659.56619,67751.50666,83369.69695,78710.37097,79093.36871,52076.64292,44237.50558,74511.35637,58722.55227,36965.48036,88436.23032,18692.86046,67941.82271,65045.07551,53643.28836,69110.22427,44359.95436,29095.08936,35310.84163,25239.39028,23268.70133,24583.50677,33902.22589,55219.08562,22868.23085,19001.05537,15625.68096,32353.59184,79110.61435,29680.24898,12215.5712,38776.40475,20317.59984,62030.77919,13520.63882,24392.36648,45577.10361,57458.76669,44346.82013,5321.490859,36828.89745,80970.91311,29245.88938,84107.76557,78078.43404,100000.9208
PLEASANTVILLE AREA,32256.83518,15076.55241,24000.92627,3966.535828,60176.91844,65625.68286,44208.0806,30358.14551,121455.1839,42779.91165,13745.27746,4337.348413,0,14543.95213,47580.65503,34160.29927,11131.53992,53015.30374,23606.39977,59943.99401,81085.51259,8831.698905,72080.07765,19186.18332,8867.632171,64817.28316,36043.52954,50665.11845,13255.30113,85329.12288,24556.14546,17041.55261,52808.97698,36352.98619,56446.32608,25474.65146,98346.90632,63565.64717,64053.04235,94510.33212,76643.04537,73236.74384,88561.25888,79495.44689,90036.51801,86968.20365,86527.77011,56249.43342,51063.3588,85113.97324,65922.25721,43984.12623,100062.0362,23103.03261,76062.45653,73575.50698,62088.6831,79839.07236,51979.38943,35887.32065,43613.62038,31813.10486,25446.5705,24950.76085,40599.83761,65759.19424,30631.69503,26553.00183,18684.45758,42425.66265,90752.13882,36071.70656,18877.52193,49298.61274,27226.06994,73795.07513,19946.65356,30730.63048,53158.29741,68205.44739,46462.41932,11639.20579,48296.28411,91754.21527,36690.06405,94012.75923,86539.31443,107913.9135
NORTHSHORE,49813.85914,28645.24684,40044.82828,12398.75159,74666.15591,79393.81495,47095.78786,37104.30946,128175.496,49573.98112,28396.38229,19172.85811,14543.95213,0,61138.38536,47632.70833,23332.83655,58566.39417,41279.59031,73781.31824,97428.82938,7007.864821,89390.46807,12334.10617,18600.48609,81663.63556,51177.98006,58536.97396,23449.76228,101689.7204,38365.08293,17602.42163,64541.45753,44629.01358,69782.17381,31739.81739,111164.3793,72714.55357,68591.89079,89516.51674,67009.07023,86789.13634,105501.4782,89191.70911,106693.691,98009.37101,101399.8949,50383.89627,60729.80585,97513.29613,75629.60682,55408.73531,109875.1813,29936.717,64768.80292,87573.30824,75922.68233,92318.29547,65994.67914,46561.84788,57184.44197,43855.38242,29142.18069,23646.53277,56356.57081,79011.37981,43447.04483,37052.11102,22081.19047,55503.71983,103009.0875,52677.64414,29698.04932,62565.57808,42127.09673,83340.31373,34181.81664,47698.60799,68228.83896,79456.32259,46484.12293,24240.85546,60803.05452,102411.855,53198.73484,100560.2548,96039.84574,114665.354
LAZYBROOK / TIMBERGROVE,21117.84419,30627.64909,24293.27797,52568.8592,16109.40123,22322.659,70439.02627,54826.2296,69143.43342,6313.687171,28398.85806,39695.81337,47580.65503,61138.38536,0,6035.882235,28563.05701,67148.96702,20582.91548,6308.336547,27575.11861,53034.7364,19772.12969,66123.68427,47527.2124,14159.05601,13634.03507,7106.278723,35921.35775,33830.29135,29840.52559,52552.38911,17885.00325,22923.49007,29952.54102,46640.98504,57584.42979,47226.26669,69785.48426,116878.1453,105608.9195,21229.54297,36556.64791,40656.30467,53036.07014,71158.15979,61834.80996,91558.62168,59616.41219,55382.03812,56667.61709,47576.08743,58700.11143,53057.90412,114794.1631,49418.1871,42452.57189,45288.38472,40253.07806,49636.83548,36240.42735,40348.06894,60143.79334,64920.89248,30598.55413,29681.55959,31852.72402,40946.57011,54510.07473,25163.70523,43599.51816,29170.83801,44135.40342,20154.91314,30552.42004,30107.59121,34124.00504,24244.34322,33146.96377,40302.17391,79257.76299,44937.79804,13547.25364,41140.31427,16407.39678,40989.99788,32609.86352,53674.97921
GREATER HEIGHTS,13795.65129,19231.7878,13662.66414,39963.89677,21654.09434,29033.03426,61453.38004,45152.97693,75266.82293,6449.860945,15130.52085,26354.62046,34160.29927,47632.70833,6035.882235,0,15670.85969,61091.06076,7513.052284,17737.63656,41160.19856,39961.67461,33152.66363,52912.66765,34230.58854,26208.79407,6780.229444,7931.245424,22497.81286,46532.24956,16629.09735,39111.88092,18783.04274,15023.08163,28873.63552,32835.44806,65004.29741,46723.3902,60830.41981,104179.1373,91798.66747,32160.42392,49637.68914,45939.56409,60371.84096,72940.21482,66069.56638,80915.08981,55866.36994,58764.26801,55757.54912,43397.25528,64694.03903,43367.73317,103568.9674,51953.02034,43421.97002,49571.30073,39038.91712,44311.96711,35190.63156,36239.3738,50253.04688,53916.95606,27537.85738,33674.33971,26749.27612,31382.5126,43356.31985,24360.54811,50321.17078,24751.0079,33854.26099,21293.76755,22473.66506,36102.30338,24059.66225,17552.28759,34469.2725,42513.285,69891.56013,33254.51096,14784.65869,48427.37005,13500.37115,47093.02555,40027.8207,59611.66414
KASHMERE GARDENS,22540.40892,15340.23914,14369.68699,21371.19171,42581.89147,46381.06818,59562.64491,43990.11175,102698.0902,24748.919,5764.453724,9856.57967,11131.53992,23332.83655,28563.05701,15670.85969,0,65314.63262,8609.035863,40793.32554,64016.14973,13936.04562,55856.04095,29385.81275,10822.02685,47805.86033,17307.30599,30516.57015,6042.461204,67798.32555,13075.17225,18038.50441,33566.81854,19461.5991,38739.46505,21622.39873,79894.37672,50382.27634,58552.94986,94223.70762,76976.05482,53063.1662,71665.55519,64883.25409,80645.48319,84816.12578,81527.2083,74062.07299,60141.85055,75301.22601,66463.6046,49463.14214,85288.26768,33157.30429,94420.05167,66745.61858,56759.80215,67435.53939,49536.35182,45437.6302,41279.62978,36630.64423,38288.74356,42109.52295,36157.16673,51738.3414,31651.85419,31619.1902,30577.6559,32770.80765,73323.34794,30825.07996,25290.57521,35779.7382,24893.81383,56778.60175,21600.60076,24567.59199,46727.76946,58278.49254,59981.77025,19837.46355,31837.47311,73388.14845,25335.78651,74913.85108,66991.85993,88062.16569
MINNETEX,52755.50888,45571.10501,46333.92977,45038.21087,61317.78348,95508.61276,8327.723405,13363.11823,110975.1582,55813.81586,52234.93099,44607.03027,53015.30374,58566.39417,67148.96702,61091.06076,65314.63262,0,58088.94406,73235.00618,93747.48069,67757.20105,85951.78037,78778.1875,69051.66835,88509.8279,74662.11871,76071.72517,70445.86769,103421.5699,71086.68529,73149.47542,86918.9083,76373.01067,99095.29732,85510.04414,132857.7078,108502.4628,116277.6933,148842.2825,129104.9452,94119.0524,105289.2808,62574.22751,69763.05157,42886.46501,53779.44811,31679.37668,5245.014009,55704.17364,25154.11822,13219.58185,77616.59394,32850.15715,52510.89136,45546.3226,38699.28369,57513.88576,30352.42486,12474.14657,28326.60423,26185.36454,29755.23643,26406.64032,36389.85404,55646.72545,33678.85442,28985.75039,39313.8302,40595.47238,78336.71351,41218.69004,35662.15454,49821.22142,36642.77576,65848.5674,40044.10666,45868.83857,39212.81245,46157.82215,26186.21542,42044.82488,53841.61639,84980.69709,47217.50912,92254.23069,91454.42551,112547.447
NEAR NORTHSIDE,13817.57209,12207.31771,9034.957651,30230.76646,34672.94617,37483.14659,57042.19267,40836.68634,95118.04384,16959.95189,6346.129476,17621.79857,23606.39977,41279.59031,20582.91548,7513.052284,8609.035863,58088.94406,0,32160.18871,52296.89443,33138.44255,44163.90261,42817.96871,23377.14535,36790.0711,8166.207301,21455.25569,15146.13701,57030.26718,11507.13536,31687.63648,25186.8093,13881.06336,32964.92115,26109.64353,72325.86645,45769.65907,57336.31895,98491.99244,84980.15563,43923.17144,60468.20277,56274.55385,69384.16321,77902.32903,72141.12627,75803.77909,53706.78811,66060.05604,57302.29945,42357.44722,76804.43634,36625.58982,98115.64336,57410.09606,48362.78932,58526.62122,41540.59681,39923.85493,35315.90687,32989.86648,43112.93127,45617.74615,28361.9638,42950.68665,25845.58742,26631.59279,35307.16043,24928.28908,65343.83736,23959.51148,26384.44707,25910.963,19304.45742,48578.28113,18406.20053,16460.33866,37861.80349,48992.01576,63065.39628,24323.80699,23333.15063,65897.15267,15424.66003,67326.2182,58637.6362,79295.10572
SPRING BRANCH EAST,32828.59024,43025.81414,36306.86059,65062.14299,10091.31976,18026.27334,78811.18046,64007.70643,55987.10896,10818.97832,40888.53479,52082.3124,59943.99401,73781.31824,6308.336547,17737.63656,40793.32554,73235.00618,32160.18871,0,15569.67048,65335.01226,7535.890129,78256.00791,59826.22336,6601.093955,22290.79112,8341.361123,47404.58271,22000.34619,39787.35841,63983.72698,19655.25189,29621.2658,34038.76501,56195.26769,50902.69767,47670.15731,73219.09712,121813.4692,114842.6644,11366.38979,24616.82124,32148.76364,46533.79756,69132.71267,60907.26671,101051.2168,67544.00449,49261.01238,56140.05356,54327.80834,48208.40365,64552.48145,124693.9841,49378.25795,43406.03134,39737.00639,45306.80036,58994.58752,43693.3636,49633.44752,71594.83923,76736.85623,40039.61199,27658.56199,42196.84671,51981.44321,66483.66894,32735.57995,32726.84465,39369.03081,55627.61818,24727.52224,41393.25541,20939.58466,46014.20368,35400.47612,36878.74637,39550.59446,90328.72465,56948.2186,17796.8576,28974.70231,26913.1625,27790.78692,19287.91256,40555.01008
SPRING BRANCH NORTH,54522.77387,65573.11224,58082.82416,86915.68195,24064.16989,21308.66926,101729.5335,87586.88132,40452.09279,35076.69103,62779.46626,74040.70872,81085.51259,97428.82938,27575.11861,41160.19856,64016.14973,93747.48069,52296.89443,15569.67048,0,88568.47074,5198.753758,98895.30925,80752.60667,11664.01804,41893.86887,25881.53318,69369.32648,8321.075136,58756.01238,85251.38657,31332.10892,47455.10053,45614.70117,74545.96037,44450.55146,54306.36763,82815.77741,132718.4541,131221.4743,9393.224653,4950.674822,37525.22159,47606.71731,79321.42239,69406.24139,124575.3853,85071.14892,55447.36812,70563.44928,73483.36016,45834.22728,85985.63829,148428.7775,58170.55475,57696.502,47479.37284,62322.75797,78795.92383,61636.34256,69200.2008,92997.01035,98440.19438,60046.86664,39359.15912,62882.77765,74975.13802,88414.81612,51705.39427,30662.01905,59968.0385,77108.51617,42129.67139,62331.72941,27817.37722,67783.76373,56821.61721,52122.57689,49111.74189,112026.5661,78793.27634,35895.58428,23309.10064,48174.88267,17246.19215,5082.338939,20614.73252
EL DORADO / OATES PRAIRIE,43945.03175,26259.48524,34065.58654,16087.04215,66858.09412,68653.00359,58534.77495,44463.53275,124686.098,46456.29751,20051.83447,13825.10033,8831.698905,7007.864821,53034.7364,39961.67461,13936.04562,67757.20105,33138.44255,65335.01226,88568.47074,0,80082.80865,5889.400341,8020.948212,72080.16018,41455.86979,52833.93758,13887.36918,91688.63742,28251.91869,10128.09495,54485.61619,37642.05446,58574.08859,23872.84071,99844.87886,63998.83688,61564.40335,83154.27013,62533.19694,76814.13549,95898.34528,85605.22901,102576.119,99451.06,99997.49768,68774.36182,65554.37545,94238.02246,79174.02378,57155.02943,106214.5872,34669.01571,86261.10415,85568.76337,74371.31348,88424.99693,65461.8896,49531.47616,56108.2814,45107.88456,35674.8549,38208.8009,53966.95697,73840.65896,43575.92194,39734.41291,28535.08888,51724.63587,96667.83698,49141.68242,31478.57219,57377.73556,40671.08442,78236.78371,33273.29271,43528.56603,65802.60367,77088.20443,55428.06739,24654.9305,54472.16547,95522.23531,47485.13435,96875.04144,89090.37402,110312.7232
SPRING BRANCH CENTRAL,44974.21793,57206.7711,48494.22284,77684.21871,16142.28921,17223.62581,93511.36851,79214.28626,48402.07944,26631.68441,54723.63044,66006.23073,72080.07765,89390.46807,19772.12969,33152.66363,55856.04095,85951.78037,44163.90261,7535.890129,5198.753758,80082.80865,0,90141.33466,71831.76998,4332.938424,33367.20512,16723.11153,60235.39584,11483.61946,50779.9254,76098.74668,24236.79935,38549.07512,39644.85311,65695.83344,45489.00516,49572.53073,77168.0442,126544.2716,123094.9486,6796.933654,12870.38665,33006.36441,44827.29629,70909.2477,64538.53856,116223.8945,76747.82353,49356.73028,62494.64183,65618.3765,41452.96113,76450.09429,140043.7056,53268.38447,50193.23834,43397.95866,53954.53384,70570.38609,53064.03636,60151.78582,83485.87741,89827.77211,50874.25783,32723.71666,53548.22255,66515.62306,79980.9883,42724.08442,28745.8628,50658.29577,67571.2782,33431.39387,52925.05002,22323.19675,58139.12036,47313.42083,44194.83565,43511.96036,103594.6074,69169.07702,27155.50307,22409.05233,38699.70533,20304.22746,11698.21339,32242.62863
HUNTERWOOD,54306.74151,38600.84005,45751.93821,26538.2849,80367.95182,81269.89336,66846.87433,54857.07747,140851.925,62703.76942,34457.97528,27285.82448,19186.18332,12334.10617,66123.68427,52912.66765,29385.81275,78778.1875,42817.96871,78256.00791,98895.30925,5889.400341,90141.33466,0,17219.24726,82245.92724,52774.90587,67957.75604,25037.68597,102100.0054,37315.96904,12462.34133,67688.47126,49834.49277,65801.81677,28866.70668,110968.3866,70778.28289,62318.29564,81889.53061,59770.90702,90056.61753,104963.5003,101603.954,112973.8905,113451.4372,110368.9645,73337.01204,78023.4278,109503.9012,92756.98721,70249.97193,122226.3711,42771.21129,88685.77178,98800.26155,87521.08944,103200.8405,77950.44179,62081.10769,69593.718,58662.62654,44392.13802,45195.37922,64247.53315,88012.2708,56173.24412,49089.42161,35944.54253,65994.2611,111247.5254,59501.87868,40759.10678,70917.83537,50729.15491,94458.19049,43466.04238,53899.15863,77869.73128,92419.24122,60263.05382,34127.78264,69032.85245,111548.5878,58222.10475,113014.8507,104949.5553,125831.9134
SETTEGAST,36531.78746,23888.14156,27564.79612,20153.02732,61449.66421,62481.34514,61544.88818,46554.06807,122049.0223,43757.10015,16161.06424,12411.94361,8867.632171,18600.48609,47527.2124,34230.58854,10822.02685,69051.66835,23377.14535,59826.22336,80752.60667,8020.948212,71831.76998,17219.24726,0,64079.10662,34501.69833,49762.60825,6734.977226,83522.58258,18858.10669,8006.569396,48880.40844,31093.91134,47453.74025,14675.32101,92397.70565,54651.56527,53588.29194,83734.90984,66242.86232,71564.36241,86144.04893,82851.06863,95183.56691,97135.68046,94779.88477,74425.71229,65746.217,91485.97347,77555.63398,56524.73952,103465.1125,36623.97169,94067.07226,81233.08409,70223.55077,84715.67196,61673.76217,49854.18782,53159.18588,43917.96857,39320.9681,42651.285,48803.84564,69348.41973,41466.82355,37371.59324,32449.46174,47950.94258,92268.16605,43497.54982,31247.6223,52223.39575,36896.29755,75500.68952,31270.95056,37704.58393,60190.81992,74360.63421,60388.13356,23768.40806,50142.00259,92619.45845,39692.33661,94259.70962,86470.21298,107543.0609
LANGWOOD,41425.15278,52565.16546,44468.78949,72089.25398,23164.29587,13830.52566,93617.11215,78343.54849,56633.53567,25048.74789,48062.03576,59013.86198,64817.28316,81663.63556,14159.05601,26208.79407,47805.86033,88509.8279,36790.0711,6601.093955,11664.01804,72080.16018,4332.938424,82245.92724,64079.10662,0,25044.75114,9347.429992,52450.99253,17394.58421,41991.03616,68496.55786,19149.039,31618.88098,29992.61963,58629.56648,45277.69294,45178.57824,72472.95027,121789.8806,116610.679,7813.499642,17975.45958,41600.24698,52774.46514,81928.54773,69362.50775,115261.3168,79199.81673,59559.93271,70843.60611,68248.23932,53873.87639,73400.54211,138564.2604,59369.39693,56376.61773,49263.21809,57535.10809,71117.95524,54576.29324,60234.27818,80483.45275,86491.47935,49330.16356,37578.7864,53041.02944,64690.01616,75758.44842,43051.94742,37790.12521,48614.19083,64465.7881,35198.40729,50559.57772,30730.39327,54371.84367,44403.62445,48791.17618,50553.25595,101852.9284,65114.27094,29840.34378,32485.72701,36514.05772,28938.68593,18602.42138,38751.14248
INDEPENDENCE HEIGHTS,24031.85194,27762.7587,22775.64389,46154.63484,31282.54331,23328.35498,74068.64684,57876.4968,85558.82954,17314.40772,20160.4388,30319.56431,36043.52954,51177.98006,13634.03507,6780.229444,17307.30599,74662.11871,8166.207301,22290.79112,41893.86887,41455.86979,33367.20512,52774.90587,34501.69833,25044.75114,0,10726.82839,22679.62474,43993.44778,13830.50212,39145.995,11517.6232,6412.097294,18021.51073,31225.36032,57199.4802,34721.43096,52405.14493,98483.90448,90021.21538,32165.13329,47627.2808,55832.8655,69265.49011,84238.65477,76596.63698,92642.6042,67778.44931,70312.79433,68681.93082,56693.6054,74454.54158,52537.99152,114705.1398,63416.06363,55177.34562,60391.68808,51343.06084,54698.1684,46016.0023,46843.61942,59226.42439,61916.5342,38173.16466,44744.99716,38099.03747,43685.1729,51543.38111,35217.7547,59918.41366,35325.80512,42447.27762,31771.99591,32533.31627,45500.90966,33369.59984,27846.48043,45136.42423,54569.57001,79050.7084,40553.27081,26158.00214,57800.79417,24541.77125,57439.27326,48466.68683,68815.46623
CENTRAL NORTHWEST,30630.28437,38078.1378,32223.85071,58810.59598,21147.2755,10393.4264,78621.50659,62301.86579,65379.11619,15291.41334,32936.40834,44006.92432,50665.11845,58536.97396,7106.278723,7931.245424,30516.57015,76071.72517,21455.25569,8341.361123,25881.53318,52833.93758,16723.11153,67957.75604,49762.60825,9347.429992,10726.82839,0,34844.98616,28222.30346,28026.4822,49673.45404,7374.878861,13577.4251,21307.00161,39160.38989,47074.90162,35845.6931,56522.06855,103523.5421,96195.17809,13473.24495,32330.26597,44514.31201,60085.14465,79682.44551,72151.25542,96963.11457,71064.72573,61064.47117,66002.06204,57736.45731,61192.44192,62098.89053,119494.5987,59536.16354,51998.31924,51767.96629,50921.79841,60661.18039,48152.12048,51577.23175,69069.46798,73102.53455,41986.28576,37536.26524,42601.33614,49716.21691,62490.05579,37208.73526,45738.40992,40134.09656,52876.04477,31993.24469,40139.61602,34144.0547,42704.80999,34270.12483,44945.76257,50318.281,88553.17719,52464.22263,25127.33362,41625.37413,27727.93571,38134.63619,26639.23967,45427.36125
TRINITY / HOUSTON GARDENS,32277.10962,25035.46622,24296.18179,24646.43779,49880.89889,48963.62627,63252.55996,48183.78403,108292.4616,31685.12937,12684.79835,13736.55451,13255.30113,23449.76228,35921.35775,22497.81286,6042.461204,70445.86769,15146.13701,47404.58271,69369.32648,13887.36918,60235.39584,25037.68597,6734.977226,52450.99253,22679.62474,34844.98616,0,71318.2492,7175.922547,9883.646172,35550.24234,17943.64584,37361.94132,8034.019121,79329.90107,42674.78564,45995.624,79984.60375,63972.3934,57091.43601,75904.73337,72446.98643,89703.74452,94837.81656,91221.36059,76132.26787,66721.6563,83452.2173,74730.56132,56774.163,92632.94157,41046.10415,95921.38458,76451.87982,66608.08548,76324.98308,59390.27925,51017.60045,50799.89304,43751.24534,45186.6128,45718.4301,46029.07519,60672.13856,41660.72295,37425.08807,37722.8078,42552.93607,80908.48329,40758.79845,33190.92568,45291.85073,34892.56359,63831.12635,31374.3996,34359.89936,56485.98969,66913.14949,66502.68114,27157.51786,40701.98172,79425.10277,34888.08852,80304.15672,71977.90079,92796.92378
CARVERDALE,62396.09709,72634.75294,65636.95514,93259.00696,33721.43941,18999.6512,110839.4158,96302.5808,48328.99201,42815.69395,68520.28087,79433.41094,85329.12288,101689.7204,33830.29135,46532.24956,67798.32555,103421.5699,57030.26718,22000.34619,8321.075136,91688.63742,11483.61946,102100.0054,83522.58258,17394.58421,43993.44778,28222.30346,71318.2492,0,60055.84709,86725.58382,31089.45506,48501.78794,41719.4513,75133.6111,30109.7597,50457.94847,79685.96865,129827.3572,130630.2411,6594.527946,4170.184454,49418.96516,58201.13253,89169.7088,81700.77773,133338.9792,96061.27667,66242.25108,80635.26827,83256.80436,54460.91523,94344.50123,157042.8425,70433.15389,69243.75902,59779.68662,73267.23433,88425.82317,72337.52042,79094.37172,101410.3691,106318.369,69636.10413,51162.65114,72016.45583,83291.07917,95880.33214,61792.92606,42915.69949,69173.80862,85395.71497,52684.67339,71222.62745,37661.69342,75486.78408,65200.62005,63389.41574,61245.25434,120504.8891,86272.60843,46026.14473,33377.62689,56712.32034,25968.47787,13899.86239,23378.26309
EASTEX - JENSEN AREA,33435.22653,30293.02306,28107.61359,36089.41839,44553.31356,36573.70283,71952.67244,56019.86928,103078.8872,27467.32864,20045.54617,23337.23803,24556.14546,38365.08293,29840.52559,16629.09735,13075.17225,71086.68529,11507.13536,39787.35841,58756.01238,28251.91869,50779.9254,37315.96904,18858.10669,41991.03616,13830.50212,28026.4822,7175.922547,60055.84709,0,20707.76285,22732.22997,6092.829588,25463.74735,8170.259495,66576.86393,28660.89923,36997.24749,78119.28449,66087.15585,47297.42933,64714.9379,68090.63198,85672.93403,97412.46661,90886.81787,84308.80269,72486.71062,80401.29768,72521.14087,61431.88324,88113.60212,50751.88785,105149.8174,76328.80237,67465.54461,73483.38642,61102.36239,57424.55325,54844.94079,50675.44206,55670.90153,56600.43221,48038.76152,57437.21253,45509.42921,43901.89117,47963.32248,44609.17165,75157.78791,43620.18486,41590.041,44377.51139,38676.86901,59160.24019,36695.68558,36131.73641,57220.41585,66633.24853,76883.80609,36709.85308,38413.30547,74337.85229,34735.6655,75058.20081,65877.29362,85263.6908
EAST HOUSTON,47731.20137,35412.99634,38809.09939,25224.57441,66535.67344,62182.7822,67749.35026,54214.23777,124337.9773,47998.3395,24192.84834,19375.28697,17041.55261,17602.42163,52552.38911,39111.88092,18038.50441,73149.47542,31687.63648,63983.72698,85251.38657,10128.09495,76098.74668,12462.34133,8006.569396,68496.55786,39145.995,49673.45404,9883.646172,86725.58382,20707.76285,0,48744.20484,31222.99499,50760.20578,9219.464216,90808.45246,50590.85972,40916.45002,66752.6925,49717.17347,72048.00465,91459.92854,88593.45768,105956.1258,107876.9397,106223.9816,75395.47851,74173.70438,98696.0418,83345.67284,66824.07211,108884.4836,47002.33927,94108.16807,91526.82369,81040.98634,92353.21763,73236.05442,59308.08488,63846.85042,53955.32548,49064.88449,46639.42657,60404.75618,76893.10978,52961.48835,48945.68286,42021.05876,57282.32186,97557.17396,55108.79678,42366.77732,61101.06965,48435.47212,80174.89439,42708.63887,49202.76873,71466.08063,82166.35311,69404.69025,35058.75383,56887.07792,95693.98468,50708.28954,96276.83312,87513.73475,107784.2978
ACRES HOME,40242.77928,45550.16321,40262.80815,63576.61627,31918.18624,6316.065193,88525.70874,71818.54307,74163.3411,26134.1099,38124.17811,47954.70527,52808.97698,64541.45753,17885.00325,18783.04274,33566.81854,86918.9083,25186.8093,19655.25189,31332.10892,54485.61619,24236.79935,67688.47126,48880.40844,19149.039,11517.6232,7374.878861,35550.24234,31089.45506,22732.22997,48744.20484,0,10497.52828,9496.685984,36759.99892,38578.11101,17562.58212,44482.25533,93811.82544,92133.39357,16322.30646,36105.81727,54601.85349,72343.77579,91120.71497,84557.48958,107211.2866,81953.36706,71686.45923,77144.0411,68755.43436,69951.01012,70252.71997,129449.4006,71712.18248,63961.44215,64033.72238,62500.62428,71091.75465,59505.00049,62280.42348,76984.63629,79802.78424,52788.67741,49588.79468,52962.53847,58450.78426,69466.05799,48672.36498,56954.8063,50646.6813,60317.41863,43930.234,49451.92454,46373.60548,50939.56947,44108.33117,56928.8591,62766.77394,96780.42961,58505.77942,37056.49654,52610.44773,38517.52528,46801.65939,35661.54966,53428.51862
NORTHSIDE/NORTHLINE,33479.54885,34926.06038,31099.40133,47831.58142,38449.13239,23824.39009,78885.62613,62076.54802,88746.11235,26888.8235,25621.30755,33221.69639,36352.98619,44629.01358,22923.49007,15023.08163,19461.5991,76373.01067,13881.06336,29621.2658,47455.10053,37642.05446,38549.07512,49834.49277,31093.91134,31618.88098,6412.097294,13577.4251,17943.64584,48501.78794,6092.829588,31222.99499,10497.52828,0,13026.44888,20638.64417,53703.52638,17617.54844,34450.21718,81133.7225,76726.39874,33801.45163,53278.22532,62903.4823,78688.13495,93649.97767,86675.20198,91519.81855,75495.78796,76246.29027,72404.16914,63517.57697,81198.22199,58827.35485,111713.9853,72659.33556,64129.22591,67683.05315,59786.30673,62588.52267,55755.91944,55419.1833,64742.22211,66422.79244,47839.3049,51946.48635,46609.16819,48776.12514,56910.62098,44822.70638,66026.96909,44706.09413,48701.42095,41865.25679,41183.02084,52745.6553,41085.62165,37097.83918,55215.89932,63197.20043,85273.64917,45364.30445,35083.97144,62684.66439,33859.82325,60957.51424,50235.97771,69404.02513
HIDDEN VALLEY,47974.47405,52891.71844,46579.69793,65979.22083,48440.07496,20121.17746,99196.23329,83024.21553,92402.95612,39012.02152,44267.01986,53530.61305,56446.32608,69782.17381,29952.54102,28873.63552,38739.46505,99095.29732,32964.92115,34038.76501,45614.70117,58574.08859,39644.85311,65801.81677,47453.74025,29992.61963,18021.51073,21307.00161,37361.94132,41719.4513,25463.74735,50760.20578,9496.685984,13026.44888,0,36788.39688,41468.44533,14317.42938,39218.92564,88037.21831,89668.76078,31915.48081,46523.33194,72348.28776,84617.22807,105342.2114,96059.44721,117522.4204,91511.46026,88573.959,90596.61757,80366.1239,88776.4109,75505.37128,139281.0862,83593.86537,76566.30899,78027.45062,73940.91931,79396.03352,69203.23282,70841.78141,81532.23992,85785.8496,61755.59752,63056.50306,62242.1878,68853.78339,73736.99149,58707.25051,73093.81093,59175.05504,65204.28235,54456.95766,56592.18268,60986.8682,57013.32487,51832.03228,67600.40486,74411.32261,103383.1022,62101.36907,47256.31972,68813.08548,47563.89062,65722.70303,53381.86599,69692.27023
EAST LITTLE YORK / HOMESTEAD,47044.75855,41125.35546,39861.3166,37019.33469,60019.47121,50068.70247,79007.82029,63968.30667,114846.276,41872.69939,27994.72729,29470.95622,25474.65146,31739.81739,46640.98504,32835.44806,21622.39873,85510.04414,26109.64353,56195.26769,74545.96037,23872.84071,65695.83344,28866.70668,14675.32101,58629.56648,31225.36032,39160.38989,8034.019121,75133.6111,8170.259495,9219.464216,36759.99892,20638.64417,36788.39688,0,78130.39975,35859.90206,24394.6761,58807.08427,49483.5953,60390.58429,80047.19516,82850.08242,102300.8928,110635.5384,105939.417,90911.28196,81100.97127,96398.17137,87690.20305,71812.78088,102477.1209,55811.75096,109847.8081,91186.7616,81886.80751,89637.99545,74779.22807,65699.11387,66698.78617,59500.97019,58963.4278,59540.50522,61414.16935,73613.70976,57738.65884,53423.26406,51899.28873,57841.06312,91377.77188,56281.2011,48850.90314,59332.83284,50625.70995,75125.90925,47377.98927,49420.6679,71458.131,81519.72991,80095.88763,42282.40114,53930.68179,88755.90189,49079.60415,86789.07021,77121.2247,96852.79399
