,FOURTH WARD,SECOND WARD,DOWNTOWN,CLINTON PARK TRI-COMMUNITY,GREATER UPTOWN,GREATER INWOOD,GREATER HOBBY AREA,GOLFCREST / BELLFORT / REVEILLE,ELDRIDGE / WEST OAKS,WASHINGTON AVENUE COALITION / MEMORIAL PARK,GREATER FIFTH WARD,DENVER HARBOR / PORT HOUSTON,PLEASANTVILLE AREA,NORTHSHORE,LAZYBROOK / TIMBERGROVE,GREATER HEIGHTS,KASHMERE GARDENS,MINNETEX,NEAR NORTHSIDE,SPRING BRANCH EAST,SPRING BRANCH NORTH,EL DORADO / OATES PRAIRIE,SPRING BRANCH CENTRAL,HUNTERWOOD,SETTEGAST,LANGWOOD,INDEPENDENCE HEIGHTS,CENTRAL NORTHWEST,TRINITY / HOUSTON GARDENS,CARVERDALE,EASTEX - JENSEN AREA,EAST HOUSTON,ACRES HOME,NORTHSIDE/NORTHLINE,HIDDEN VALLEY,EAST LITTLE YORK / HOMESTEAD,WILLOWBROOK,GREATER GREENSPOINT,IAH / AIRPORT AREA,KINGWOOD AREA,LAKE HOUSTON,FAIRBANKS / NORTHWEST CROSSING,WESTBRANCH,SHARPSTOWN,WESTWOOD,FORT BEND HOUSTON,FONDREN GARDENS,SOUTH BELT / ELLINGTON,SOUTH ACRES / CRESTMONT PARK,BRAYS OAKS,CENTRAL SOUTHWEST,SUNNYSIDE,ALIEF,PECAN PARK,CLEAR LAKE,WESTBURY,WILLOW MEADOWS / WILLOWBEND AREA,BRAEBURN,SOUTH MAIN,SOUTH PARK,ASTRODOME AREA,GREATER OST / SOUTH UNION,PARK PLACE,MEADOWBROOK / ALLENDALE,MEDICAL CENTER AREA,GULFTON,MACGREGOR,GULFGATE RIVERVIEW / PINE VALLEY,HARRISBURG / MANCHESTER,UNIVERSITY PLACE,WESTCHASE,MUSEUM PARK,LAWNDALE / WAYSIDE,GREENWAY / UPPER KIRBY AREA,GREATER THIRD WARD,MID WEST,GREATER EASTWOOD,MIDTOWN,BRAESWOOD,MEYERLAND AREA,EDGEBROOK AREA,MAGNOLIA PARK,AFTON OAKS / RIVER OAKS AREA,BRIAR FOREST,NEARTOWN - MONTROSE,MEMORIAL,SPRING BRANCH WEST,ADDICKS PARK TEN
FOURTH WARD,0,20109.55837,8130.985422,37991.81788,34214.64217,60037.32646,61982.04491,46207.27281,105513.9826,20839.65758,19754.07672,31760.53065,34424.07758,57905.6393,27265.55096,19538.12879,27487.18486,58373.45365,19782.97003,38958.02677,59395.74931,49983.91393,48565.89721,57151.95973,39350.18654,43352.34381,28935.17848,39660.53369,37555.08103,68302.02483,39736.20131,53996.58513,47084.46961,40661.30218,50226.97341,53888.12749,90917.38015,72978.68589,89274.44065,131269.7663,133726.1257,57578.47696,65093.18946,54880.70212,61927.37553,71757.80488,60999.14502,86876.03696,49441.59152,63701.57836,56182.588,39119.64689,75194.5434,35416.54354,110481.611,51244.21142,41218.33694,53525.41548,34700.15481,39364.92093,26568.16368,25913.80228,41712.9441,51819.27281,18721.21015,37199.6043,18917.49265,30341.91106,41088.00933,18618.91692,64704.74798,10785.53216,28308.23962,23079.59723,16009.20181,47878.90872,18375.44907,6081.398346,29564.63804,44532.71666,65773.49286,30407.37875,22109.63463,67934.49373,7850.014021,78414.46243,64798.24043,93038.29355
SECOND WARD,20109.55837,0,11009.80483,20262.98897,45798.97224,66934.58569,49136.5945,31049.19603,117191.264,31953.24483,10542.47298,12877.281,19925.20958,36069.79502,36512.07526,27047.4396,18166.60264,50913.97071,18785.66514,49127.7795,70859.86436,31921.53193,62489.62238,41957.02225,27745.28591,57739.18014,32434.14511,47649.27221,30955.20103,77905.37483,36824.65635,42188.13146,51775.65116,41965.85185,56776.53465,48813.53905,97317.97168,75081.78349,86838.42062,123831.7833,123683.4055,66474.90969,80595.32544,66497.64776,75150.5406,78752.86989,70751.39461,69240.42698,48119.22876,73947.20229,62528.02161,39209.92772,86759.44791,21410.06486,92528.66683,59773.30255,48802.39508,64399.30731,40985.88508,31074.97254,30348.60434,23605.61853,28142.58874,33288.75693,24955.38684,48467.99949,18174.15656,14968.14664,21159.28108,26485.68378,76441.85374,21020.5404,11616.61783,34671.20705,11293.87868,59579.21246,5558.10851,16267.46838,37792.00337,54398.82764,47995.02762,11535.26285,33807.83222,79493.23233,22162.3974,89842.09345,75957.44344,104365.1444
DOWNTOWN,8130.985422,11009.80483,0,28775.46019,37743.30558,61241.21507,53621.38817,37171.36711,109107.9038,24446.05115,10205.18877,22440.14815,27472.55262,48200.62246,30322.80972,21099.26794,18486.80415,51908.80483,15732.39897,42439.28364,63013.56673,40091.73867,52049.68197,48898.6461,30537.53677,46777.65045,27635.64479,41694.84367,29843.72094,71416.98126,34603.58968,45225.18245,46700.43156,38225.50056,50671.93444,47030.0463,91795.6864,71213.2101,84652.24786,124101.5874,125960.7949,60434.19185,68903.08421,58507.25092,65401.27937,74162.47967,64724.99224,77782.0895,45471.93145,67029.87291,58166.28041,35799.97313,78831.0585,27919.23775,101369.612,54023.55316,43663.14745,56982.57149,36586.41895,32118.64106,26362.49628,22469.41655,34886.22324,42617.53165,19729.08583,40729.26307,16180.23497,21220.45617,31667.6725,20895.59415,68331.45817,14306.89743,18982.22058,26686.15777,9027.251189,51492.34212,9088.561751,7841.335817,32092.26967,47724.32161,56642.20646,21011.76745,25718.04821,71471.58172,11287.16671,82012.1302,68492.82265,96784.31373
CLINTON PARK TRI-COMMUNITY,37991.81788,20262.98897,28775.46019,0,67517.31333,86439.74944,44050.48725,26980.27322,138689.9105,54066.69479,22928.27705,12746.67907,9113.37355,19832.58345,58317.42552,48356.1014,26922.53229,51398.70757,35112.48928,71170.47964,92013.05485,21798.18222,80618.44383,30636.27955,26147.30065,75033.86298,50384.13213,68592.64171,29051.22559,98830.25963,42685.90479,32097.24391,69099.10632,55228.045,71084.19824,44151.27118,114678.4201,84742.3811,86519.51421,113050.0199,111286.0228,87764.94456,98007.82386,86906.04296,92860.36046,92624.82423,87738.83456,55362.76101,53061.41729,92652.63921,76423.48106,46965.08089,107128.0081,19244.78508,77303.88676,77018.93036,65540.44858,83897.73542,56960.1005,33931.98941,46248.59592,35914.79279,20519.47254,20620.66427,42448.21778,68593.63914,34391.00165,25112.41685,13543.77781,45091.33293,97744.80059,38812.51134,16617.80766,55219.7208,28701.31576,80998.30075,20694.113,34297.38219,55909.04769,73073.21096,41028.00753,10638.59025,55243.901,101236.6296,40391.4377,111862.6265,98161.30907,126486.481
GREATER UPTOWN,34214.64217,45798.97224,37743.30558,67517.31333,0,40652.38765,75132.48465,64463.6933,67267.59765,24047.67551,45959.38887,57143.01591,66127.35939,83133.5451,22207.71071,27581.63837,49065.75016,66030.64944,40555.24605,16499.07761,30741.68288,72820.32307,23252.20475,86433.72797,67440.16829,30094.26339,37349.35678,27489.01639,55245.22099,40674.05189,50482.25368,72377.97044,38324.93535,44426.58282,54703.55106,66053.70528,74407.26647,65498.18812,90877.30834,140781.2765,144857.7225,33494.09617,42329.76655,21017.99454,39853.13413,58236.83513,51996.12209,103833.0263,58704.66632,37909.45078,45667.98972,46318.04217,40267.01956,62159.52817,128225.6163,40184.68096,33829.02528,31036.72031,36088.63364,52151.73195,35193.61433,43220.43715,68886.89382,74470.08062,34070.38905,18312.96968,38384.17594,51441.48275,65889.42145,26064.94234,27257.75731,34879.15457,53755.05748,15891.46001,38377.21915,13497.61337,45333.19647,34486.26916,27266.52256,30627.06702,85889.63004,57127.25782,13033.9913,29444.53146,26288.45265,40874.88679,30720.08324,56849.26606
GREATER INWOOD,60037.32646,66934.58569,61241.21507,86439.74944,40652.38765,0,108075.5616,91869.69635,85191.42307,39451.99312,60289.42658,71529.69937,75565.79265,88682.23192,31527.90421,36002.52686,56040.59235,103867.6362,47298.24866,25385.94242,27351.52695,77273.20329,23513.27174,90351.96528,71465.51055,20624.41912,33166.84267,17508.12705,58440.16571,23907.25785,43902.09716,69528.69336,11427.0171,29783.52391,23994.84787,58670.64043,33722.15111,30154.50844,62263.00792,115863.1916,121198.7037,12057.53631,29225.60903,62565.20857,75463.92812,99915.54963,94220.34085,131131.0381,99722.73062,79313.64818,87729.86094,86245.65435,75962.5734,91395.9993,154525.2229,83106.82224,77228.72326,72921.19475,78312.89312,89767.98725,76058.52638,80535.785,98336.06275,101941.7832,70650.16654,61700.73039,71846.31129,79103.58499,91298.58767,64825.4152,59482.35855,69179.17348,81901.66997,57940.4662,69620.27697,52307.09053,71927.28605,63781.4304,70526.52009,72977.97706,117959.8995,80638.6488,50910.91728,53128.16734,56434.82723,51807.78669,38801.24892,60065.09827
GREATER HOBBY AREA,61982.04491,49136.5945,53621.38817,44050.48725,75132.48465,108075.5616,0,16796.31394,132114.6109,64249.87916,56202.46302,47892.58017,53702.41972,54500.77239,77195.62104,68544.59153,68374.5436,17648.90149,64547.92747,85340.7757,108224.9288,68077.64343,99986.66456,76802.53081,70731.71014,100239.7675,81573.12178,87121.50363,72469.96708,117336.9607,78734.21557,74909.88324,95374.834,85927.70584,106655.1067,88358.29775,143219.7517,119100.6967,127054.869,155168.7046,152109.9214,106654.3564,119498.6408,79254.78991,90775.1566,66456.67157,76371.10956,22743.23771,24244.57188,77711.20818,52587.38734,28375.71975,97194.87303,33508.06038,46229.77171,67114.33532,57745.18264,77663.79786,47696.83002,22602.00722,44018.88995,34875.78071,27775.19479,20509.3165,50002.79093,73853.10741,41619.05426,33167.55241,38195.39046,55785.26645,95985.18745,52682.62275,38344.12161,63055.15687,42859.69486,79028.14869,45293.78409,55303.57515,56229.89074,64709.55702,19142.49779,42818.11083,65980.40914,98638.83052,58136.5303,112440.1278,104833.7671,128953.7603
GOLFCREST / BELLFORT / REVEILLE,46207.27281,31049.19603,37171.36711,26980.27322,64463.6933,91869.69635,16796.31394,0,124828.4643,49495.01646,38022.35364,33148.99574,35927.64963,43261.54942,61855.37067,51460.9561,49829.32998,19234.17615,46988.09457,71631.93072,95485.03839,50006.42575,87071.21954,60728.56621,52255.61205,85611.88971,64016.18861,71207.02814,53919.59896,104009.0446,62722.60453,61200.87753,78450.06814,69128.64937,89151.6606,71334.41102,127238.1454,102356.4108,111779.9475,142630.377,140869.7168,92289.74137,106408.1088,71527.39814,84602.71242,66664.93942,71855.64822,33419.32003,24084.1247,72849.58205,52205.86209,22406.39526,91361.12688,15743.38206,57099.09614,61358.61194,50248.57445,70897.14934,39439.07126,15090.1261,35328.06552,20052.69185,13164.05073,14711.58856,38942.26372,64141.83277,25377.65586,15035.81148,21234.41552,43537.32887,87548.50669,39680.67316,20490.66951,50419.57707,26508.42969,68953.91215,28007.40411,40448.45747,46459.69318,56745.0284,23084.50931,24719.19417,52594.94973,89324.37044,44244.24695,102155.345,92078.82481,118203.832
ELDRIDGE / WEST OAKS,105513.9826,117191.264,109107.9038,138689.9105,67267.59765,85191.42307,132114.6109,124828.4643,0,83891.3344,117395.8165,126399.1165,137541.7347,144427.0924,86395.98559,92633.02208,119296.7531,122135.3954,111808.7997,73363.70692,58190.83639,141166.1543,65599.69446,157393.4214,138479.8747,74552.94854,102969.0074,83456.00351,125273.468,65451.37673,120075.7925,141471.3164,92302.86544,106626.4384,110772.9127,132288.1013,94931.45639,115148.1367,138464.0391,180947.914,185796.9382,69266.82291,59638.20176,50946.75626,52489.03163,78382.33984,74586.3089,147799.8023,111167.6644,56848.43255,79568.89582,107717.4454,31900.66451,130852.9495,178080.9303,73234.82486,83664.44855,59397.64594,91141.93778,115642.5982,96344.2331,108034.8697,136866.1662,141885.6443,97524.97124,69340.69022,105319.1083,120416.9302,135503.4374,94650.47971,39549.71996,103509.6503,123419.6417,81457.45073,107903.4771,56362.71945,115954.9028,104713.9867,85969.14093,70666.67451,150397.2128,127842.744,81490.4418,35630.79211,97272.99664,27177.01641,36862.37688,25594.91326
WASHINGTON AVENUE COALITION / MEMORIAL PARK,20839.65758,31953.24483,24446.05115,54066.69479,24047.67551,39451.99312,64249.87916,49495.01646,83891.3344,0,31422.65232,41534.8195,51185.84068,57911.67633,11278.43595,12348.53436,32779.33633,61427.03361,25172.29971,23714.25567,47937.74381,54562.57263,39644.81337,70805.16932,51893.85001,34901.72818,22370.65832,18756.69792,39411.86655,54825.8572,34670.84527,55762.47404,33028.57181,34165.1976,42296.81066,48965.00098,75897.02392,61005.47481,83090.74755,125668.5914,128275.6133,41347.59544,57507.00058,39633.90205,58930.7556,66675.51267,60620.6769,87992.69703,54396.18843,51727.32192,53894.2876,42928.59387,59658.74946,51568.42325,111445.0102,45917.50679,37119.33889,45289.74879,33164.00036,45372.35422,30656.43534,35997.60949,58574.11944,64066.8962,26372.80188,29844.879,28670.64746,39162.11392,54221.11103,19521.46047,52291.38826,25826.4477,42724.61298,15567.26067,28011.31591,33084.93729,33549.82881,22606.28398,27975.0568,36407.92882,76936.15468,44861.69969,10660.06612,51439.23615,14012.8111,55931.1825,45416.1526,70372.66247
GREATER FIFTH WARD,19754.07672,10542.47298,10205.18877,22928.27705,45959.38887,60289.42658,56202.46302,38022.35364,117395.8165,31422.65232,0,14939.03849,18184.56607,37072.73193,33556.85076,23192.42175,10754.19973,57621.0597,10623.34501,46768.0326,67569.61906,26028.67311,59031.53885,38543.35351,19930.09162,52372.59263,24423.62444,42631.31088,18157.32522,72982.74893,26578.50355,30603.91274,43865.92452,32668.06738,49079.92296,35885.71882,89849.60881,65596.56426,76186.74554,110929.3083,111760.0348,61967.32253,75902.58489,67833.03293,78455.80951,82721.69365,77685.0129,75602.38742,53730.68288,76509.15218,66622.44957,44560.78203,88101.24719,30154.39602,98730.1748,63085.99127,52511.78305,66566.01942,45169.01234,37683.80854,36055.66632,29645.8421,36233.95019,39578.86658,31854.78324,50280.91583,27025.62693,23081.74007,28341.45223,29750.6666,76963.06608,26497.10118,20403.32964,36205.85415,20308.24604,60058.005,16633.19849,20655.86926,42881.25187,57139.09041,56579.40034,17028.55468,34726.01582,79499.61956,23256.80357,89300.83245,75377.65608,103494.1835
DENVER HARBOR / PORT HOUSTON,31760.53065,12877.281,22440.14815,12746.67907,57143.01591,71529.69937,47892.58017,33148.99574,126399.1165,41534.8195,14939.03849,0,8403.919888,26997.91201,45755.36073,34564.50298,21338.42525,50849.49921,26241.12877,58151.11899,82490.05856,19833.49983,74149.47167,31727.68146,22058.16606,69038.59409,41634.98188,53742.15519,23771.15097,89400.80463,31332.10959,25814.23445,56555.64126,40267.26732,65698.36733,39473.10508,106204.4515,71938.04179,75970.27841,107023.976,107264.983,75173.38674,92113.47495,75387.90894,86665.77005,86550.56495,83681.87198,59677.33158,51878.31087,82599.64451,70213.52387,45034.68097,95661.97631,26278.38103,79153.14075,69179.91328,58136.95335,73168.53515,49759.0053,36040.73477,40299.75737,30234.10512,30432.77584,31172.3269,37625.61539,59080.16286,29195.94037,25165.41698,22899.11421,36084.64008,85602.72709,33388.23353,19168.3157,43530.76326,24986.52318,68766.26239,19036.27827,28566.83654,49338.86284,63041.61067,51759.56895,12487.52074,42950.18074,88769.93811,33606.56207,99337.93297,85582.94297,113998.1779
PLEASANTVILLE AREA,34424.07758,19925.20958,27472.55262,9113.37355,66127.35939,75565.79265,53702.41972,35927.64963,137541.7347,51185.84068,18184.56607,8403.919888,0,22812.06861,52527.74007,42109.90008,17869.31222,58684.91333,26130.24866,65728.26272,86381.87542,14795.99249,74727.59494,24182.59739,15871.09453,68719.71284,39948.90135,60304.60748,17562.25866,90453.16474,31069.71041,23655.03744,58326.33471,43880.19775,61466.78985,33411.98617,103266.8869,73094.57521,75509.10166,105131.3283,104997.714,79771.98057,91487.06576,87260.7377,92831.9155,94950.79965,89928.28086,65300.47077,58307.54954,93354.08833,78497.52553,50904.62746,107477.1579,28761.95657,87050.86737,77902.28289,66460.59786,84452.78774,57937.87174,40657.95545,47154.75819,37315.793,31499.25427,31221.83542,43902.676,68993.39918,35194.03083,30827.52325,24568.10423,45698.62615,97186.23677,39050.10269,23812.91199,55503.65109,30946.27792,80259.22153,24177.10368,33462.2737,56619.07687,73756.63694,52660.81556,16331.19867,54791.69723,99599.13173,40164.9727,109120.5362,94902.61089,122780.9028
NORTHSHORE,57905.6393,36069.79502,48200.62246,19832.58345,83133.5451,88682.23192,54500.77239,43261.54942,144427.0924,57911.67633,37072.73193,26997.91201,22812.06861,0,69694.714,56146.35378,32308.24268,66145.43459,49792.15005,82444.54821,106147.7558,14772.77013,98202.28869,16769.69182,27982.52582,90532.45032,60138.94603,67419.9365,32606.25477,110666.4383,47357.89096,25400.98227,73754.15995,53753.85664,79263.39198,41198.44365,120681.5073,82294.03682,80542.97866,99538.38523,95684.66556,95782.80349,114386.5109,97003.89959,114323.6403,104631.7337,108384.3792,56344.63752,68247.95671,104934.1784,87982.89199,62041.70422,117752.3721,36055.46864,74888.64577,94668.80202,82961.18258,99918.07187,72947.09095,53190.78056,64195.24677,50761.87566,34529.77132,29153.83383,63690.10341,86802.98635,50403.08524,43490.59021,27474.61091,63079.07372,111085.9794,60226.52525,36517.36333,70412.52197,49317.50233,91299.7934,41297.25751,55347.11438,75448.44064,86773.88888,51412.03261,31184.56245,68941.32515,110638.9551,61079.594,115583.2762,104550.4703,129392.3139
LAZYBROOK / TIMBERGROVE,27265.55096,36512.07526,30322.80972,58317.42552,22207.71071,31527.90421,77195.62104,61855.37067,86395.98559,11278.43595,33556.85076,45755.36073,52527.74007,69694.714,0,11682.14755,35237.54256,72758.78977,24595.96392,11521.75804,33930.97695,58988.46916,25888.28942,70738.68298,52349.58849,20563.95977,16681.90638,11217.06827,40594.07292,40431.02525,35864.73862,58383.22246,25306.46966,29809.52196,32783.93755,52790.80296,63162.57591,53278.35321,78582.744,128593.9009,132376.9195,27242.40749,43162.21501,46742.25019,57000.9555,75982.06836,64728.99607,102534.0526,65421.00904,60771.36921,64434.99658,52555.23387,65739.54912,59219.69155,126142.1923,53961.25593,47201.82904,49426.78612,44298.23461,55692.8901,41836.21022,46353.57903,66290.87578,71008.84977,36589.23725,34002.22268,38009.23954,46656.99445,60551.24047,30669.74739,49174.36967,35303.30223,50301.5502,24914.1277,36752.52491,34967.50684,40194.27755,30431.1564,37854.58529,44629.65385,85439.07765,50964.76338,18312.27324,48588.71859,22474.59975,55580.64202,41201.20476,68736.71661
GREATER HEIGHTS,19538.12879,27047.4396,21099.26794,48356.1014,27581.63837,36002.52686,68544.59153,51460.9561,92633.02208,12348.53436,23192.42175,34564.50298,42109.90008,56146.35378,11682.14755,0,22468.88836,66683.67015,14720.97691,23780.74757,47149.01369,45896.76385,39168.44399,60407.9504,41947.67001,32039.48582,11461.98747,15264.34169,27525.67279,52466.33766,22519.06229,44952.01293,26147.47499,22279.71917,34953.45031,39093.75156,71108.96493,53855.69393,71005.16908,115605.3133,119088.3241,38025.96859,55555.40085,52417.91144,65777.83142,77913.71136,70852.85573,91586.53403,61014.65337,64958.82715,63544.28659,48730.3486,71734.93758,50906.00971,114948.9649,56453.47485,47715.81311,53913.44629,43216.17803,50239.50752,39662.21786,41323.1288,57916.40762,62034.59112,32232.80263,37664.0392,32002.95461,38578.6582,51418.12676,28831.76966,56090.73344,29692.48893,41834.41471,25257.81776,29045.31364,41039.20348,31502.81405,23340.90436,38474.80287,47386.07555,77452.97456,41656.66753,20778.50566,54900.37042,18103.16359,61532.78794,47018.44916,74503.78589
KASHMERE GARDENS,27487.18486,18166.60264,18486.80415,26922.53229,49065.75016,56040.59235,68374.5436,49829.32998,119296.7531,32779.33633,10754.19973,21338.42525,17869.31222,32308.24268,35237.54256,22468.88836,0,70667.16556,15371.81141,47550.96239,70927.94107,20316.92687,62816.15987,36295.99834,17710.05394,54751.47366,24199.82503,40081.63038,11597.83648,74738.6561,19633.20684,24477.4298,39013.09079,26474.02311,44887.73172,29248.1172,86285.18775,59002.64369,69218.08849,105191.2745,105824.236,59833.75818,78618.51559,71831.04784,86161.88647,91317.08543,86039.90338,83683.83622,65427.17154,82460.65884,75611.53091,55628.94697,91909.50729,36390.04543,105305.0223,71294.29972,60931.78079,72327.50766,54031.02918,50993.16031,44686.53831,40153.68316,41914.20896,48304.90684,40267.56045,57119.50128,34777.09708,34523.48471,34123.72665,38084.32048,79599.31239,34901.47532,28083.73804,41068.16133,28684.932,62843.63934,24509.20828,29005.71073,51208.58434,63700.1374,63441.0778,23856.7635,38862.10877,81203.42298,30641.51496,89717.61215,75393.86372,103162.1999
MINNETEX,58373.45365,50913.97071,51908.80483,51398.70757,66030.64944,103867.6362,17648.90149,19234.17615,122135.3954,61427.03361,57621.0597,50849.49921,58684.91333,66145.43459,72758.78977,66683.67015,70667.16556,0,63649.00926,79025.70558,99675.18725,73437.79013,91821.73802,85146.50017,74359.06904,94122.89501,80256.34616,82817.21564,75747.08516,109310.1442,77756.72759,78679.24764,92536.39882,83483.54788,104685.5698,90899.32084,138481.3275,116745.7615,127043.3844,159740.886,158260.3151,99789.74956,111217.6148,69615.58536,75772.64402,49787.24146,58827.95202,42803.51349,9284.475656,63380.85829,38311.88785,18315.92322,85602.04686,38814.92058,63029.04532,51274.97017,45354.78521,63852.3618,36184.95425,18052.20362,33912.50602,31815.82783,36881.18979,35366.40283,42002.00615,61928.35912,39288.99443,34421.21563,45395.40534,46381.3932,83832.54359,46840.2581,41020.59534,55499.27667,42118.66451,71835.34481,45480.98005,51486.63539,45448.97074,52584.4511,35380.82381,47828.04108,59463.31057,91208.03896,52844.7252,105658.6127,99564.91146,122595.0729
NEAR NORTHSIDE,19782.97003,18785.66514,15732.39897,35112.48928,40555.24605,47298.24866,64547.92747,46988.09457,111808.7997,25172.29971,10623.34501,26241.12877,26130.24866,49792.15005,24595.96392,14720.97691,15371.81141,63649.00926,0,37385.79262,57524.78096,39092.90237,47088.46664,45997.41327,26084.02969,40154.47848,14506.19489,30967.96406,19765.62345,61092.36636,17894.18755,37517.63506,30790.69255,20867.40852,39590.53034,32558.5038,78083.18495,53634.19173,67702.68905,109749.9415,112765.1043,50472.20117,63677.60621,63344.55948,73397.33273,83705.53712,77201.19898,86283.24333,60420.486,73389.742,66201.00171,48992.18344,83514.10777,42780.48784,109524.7063,62556.28963,53690.8241,62969.64814,47332.51874,46595.15933,41811.2179,39694.11649,49015.32214,51077.21061,34404.60454,46434.84712,32242.89557,32750.43519,41126.86948,31072.35407,71699.02335,30370.64185,32508.81191,32216.95245,25949.07664,54826.40369,25098.75494,22739.45859,43366.43738,54434.81411,69192.66016,29726.04164,30226.22953,73741.80702,20947.96926,81804.99978,67412.70194,94587.23943
SPRING BRANCH EAST,38958.02677,49127.7795,42439.28364,71170.47964,16499.07761,25385.94242,85340.7757,71631.93072,73363.70692,23714.25567,46768.0326,58151.11899,65728.26272,82444.54821,11521.75804,23780.74757,47550.96239,79025.70558,37385.79262,0,20899.99606,71289.62309,12985.52663,83828.62443,65507.60484,12690.60985,27222.12733,15195.28083,52103.04968,28300.75361,45018.12376,69891.59248,25554.86352,34836.19698,37823.31017,61898.32364,57078.52634,53256.52876,81812.3213,134037.8517,138419.3526,17288.53173,30831.79784,37388.38553,50741.2833,73070.421,66148.17814,112251.5389,73191.51816,53736.62414,63969.22459,60018.6248,55581.42202,70699.75531,136266.203,54772.71179,48894.48123,44889.82818,50865.87264,64770.25482,49311.70942,55415.61128,77743.38857,82933.85027,45856.93637,33141.92604,48164.01676,58144.43284,72679.98093,38376.88419,37945.00057,45330.00511,61775.16658,30177.94841,47407.80052,25445.03354,52226.16463,41501.97643,42354.36862,44800.32444,96406.9607,63143.18726,23167.61454,35998.3906,32957.73885,42175.58025,27707.68788,55441.47417
SPRING BRANCH NORTH,59395.74931,70859.86436,63013.56673,92013.05485,30741.68288,27351.52695,108224.9288,95485.03839,58190.83639,47937.74381,67569.61906,82490.05856,86381.87542,106147.7558,33930.97695,47149.01369,70927.94107,99675.18725,57524.78096,20899.99606,0,94507.10846,10532.12012,104216.3663,86064.64849,16888.66792,47221.63777,35005.09717,74297.19668,13544.40836,63955.27815,91761.59027,37068.3157,52497.2322,49738.20086,79368.0022,48631.19375,59513.08088,91751.131,145326.0379,150446.8016,13209.26809,8456.054939,42332.76494,51333.74248,83044.90728,72530.40733,135892.1501,88907.33411,59857.97895,79470.43617,77940.3652,54996.2537,90686.29625,160137.6457,61296.25325,61217.89754,50622.31246,66200.16142,83696.80711,65629.53746,73510.04736,97681.15215,103238.9359,64463.11461,42696.81125,67429.41245,80565.58224,93172.60349,55990.80126,33837.9447,64462.50388,81837.78276,46243.63708,66944.68181,30846.91171,72602.85299,61576.28471,55806.51597,52300.8614,115776.0861,83682.70234,40215.07432,27362.57829,52918.80167,24879.41217,11985.29185,35918.61666
EL DORADO / OATES PRAIRIE,49983.91393,31921.53193,40091.73867,21798.18222,72820.32307,77273.20329,68077.64343,50006.42575,141166.1543,54562.57263,26028.67311,19833.49983,14795.99249,14772.77013,58988.46916,45896.76385,20316.92687,73437.79013,39092.90237,71289.62309,94507.10846,0,86011.71691,12565.83421,13807.96266,78024.95793,47361.47249,62434.33239,19295.63898,97575.78459,34159.0089,17564.95313,60063.69004,45349.9329,64106.43474,32136.95605,105286.2789,73723.25108,74230.92879,93455.32136,91011.37404,82712.46405,101830.2694,92829.8388,108563.1261,107447.8946,105813.8148,77228.18216,72635.9695,102028.451,90951.24114,64767.01871,113018.3596,39058.80242,96312.35603,91433.04137,80173.75292,94414.807,71112.33292,54188.33556,61802.91213,50244.8305,39402.1453,44383.11905,59814.22182,79867.97429,49000.22475,44892.04849,32102.77205,57678.47036,102671.0167,55064.88321,36433.5141,63400.11334,46346.74895,84469.03148,38776.85183,49483.02206,71722.319,82684.6472,58928.81137,29867.09169,60497.22025,103137.1896,53505.41835,111778.4329,97499.77155,125249.2946
SPRING BRANCH CENTRAL,48565.89721,62489.62238,52049.68197,80618.44383,23252.20475,23513.27174,99986.66456,87071.21954,65599.69446,39644.81337,59031.53885,74149.47167,74727.59494,98202.28869,25888.28942,39168.44399,62816.15987,91821.73802,47088.46664,12985.52663,10532.12012,86011.71691,0,92740.25452,74445.1985,7702.218552,36097.717,25808.33162,65266.19937,17585.63295,54125.99869,82482.93663,29834.57634,43670.01358,44050.37889,70737.09581,51007.26727,54767.72171,85759.04495,138965.3226,143783.8327,12361.58837,16891.10199,38935.97755,50552.1381,75741.65895,70482.85071,127538.1616,81681.87505,55303.01925,71522.7652,70152.27884,49695.42426,80316.9341,151721.8812,59209.54536,55695.12862,49297.22076,58970.14998,75542.36981,57869.66868,64583.99435,87361.81745,93904.0156,55127.48749,38520.96924,58512.38167,72099.67357,83800.12878,47249.83707,34521.37642,54782.08277,71395.20569,38265.2219,57494.50624,28263.54162,61860.79242,51110.68711,49516.77589,49402.43264,107094.5897,73057.02718,31717.25474,28022.47757,42513.4811,34937.42395,20537.56226,47568.68582
HUNTERWOOD,57151.95973,41957.02225,48898.6461,30636.27955,86433.72797,90351.96528,76802.53081,60728.56621,157393.4214,70805.16932,38543.35351,31727.68146,24182.59739,16769.69182,70738.68298,60407.9504,36295.99834,85146.50017,45997.41327,83828.62443,104216.3663,12565.83421,92740.25452,0,20420.22751,86503.8186,56535.15465,77362.99878,30889.69459,106961.7748,42673.37672,19697.45799,73545.16994,58183.9102,68870.44463,34096.61183,115800.8794,81014.49958,74979.27715,91902.08725,88488.92993,96754.87604,108417.2276,108923.6237,116128.066,121452.1702,112832.1614,80865.30285,85449.95987,117540.6041,104964.6804,78030.99807,129127.2978,44868.5522,98221.79875,103279.3783,92106.47507,107716.5041,83927.87476,66398.42663,72969.97888,63970.61318,47618.05924,51066.39648,67594.33405,91407.25038,60796.06888,51106.58074,38500.37752,70118.94737,117602.3686,62070.51346,43996.22504,77313.59701,53691.61542,100701.7704,45600.65597,56526.85236,81390.37133,98046.91319,63632.89569,36451.65996,75782.58362,119372.3741,61818.84507,127809.1423,113459.9513,141045.8138
SETTEGAST,39350.18654,27745.28591,30537.53677,26147.30065,67440.16829,71465.51055,70731.71014,52255.61205,138479.8747,51893.85001,19930.09162,22058.16606,15871.09453,27982.52582,52349.58849,41947.67001,17710.05394,74359.06904,26084.02969,65507.60484,86064.64849,13807.96266,74445.1985,20420.22751,0,68379.50087,38216.71658,59063.54276,12463.15522,88312.55461,23918.58214,13553.66666,54753.28292,39312.81287,49653.59447,22811.7018,97285.20374,64664.49864,65011.10388,94283.24236,94347.66999,78323.93076,90177.26403,90073.81667,97909.32969,104959.6816,97914.34737,83762.86173,72334.52204,99278.0711,88621.53931,63892.22725,110253.6573,40717.96648,104701.6083,85808.06909,74936.08414,89206.15131,67162.65475,54852.39541,56415.38302,48696.50573,43403.37452,48809.30114,52017.02943,72782.18301,45214.48713,40970.93357,36527.601,52443.61517,98614.26804,46669.32226,35110.91068,58622.54616,40294.67298,81736.42816,35087.83842,40864.28709,63773.04555,79955.66754,64419.60296,27747.75855,56931.7962,100459.6899,43281.785,109182.2032,94851.12783,122689.6616
LANGWOOD,43352.34381,57739.18014,46777.65045,75033.86298,30094.26339,20624.41912,100239.7675,85611.88971,74552.94854,34901.72818,52372.59263,69038.59409,68719.71284,90532.45032,20563.95977,32039.48582,54751.47366,94122.89501,40154.47848,12690.60985,16888.66792,78024.95793,7702.218552,86503.8186,68379.50087,0,29498.68045,18102.54516,57439.2948,23384.14008,46947.78313,74781.09248,25136.49211,36596.7343,35037.50741,63926.75376,50163.21546,50428.83446,81210.21242,134092.6864,138714.0822,13588.33951,21196.94052,46508.20834,56671.17476,85477.40411,71721.83365,126301.0028,83095.51356,63754.29708,79274.033,73094.63983,62313.82892,75242.59818,149979.9629,63252.22923,60566.59089,51728.10442,59675.4675,76574.04477,58704.41085,63783.51991,82300.63223,91243.9723,51039.28469,42369.91718,57456.2876,69888.53098,79439.80401,46775.37221,42251.74668,50308.63719,67477.97139,37257.43512,55397.09312,33816.91505,57628.95848,46135.02912,52235.34633,53769.85722,105310.6877,68605.93566,32797.06862,38701.88631,40231.85391,42057.99648,27829.16574,54113.23774
INDEPENDENCE HEIGHTS,28935.17848,32434.14511,27635.64479,50384.13213,37349.35678,33166.84267,81573.12178,64016.18861,102969.0074,22370.65832,24423.62444,41634.98188,39948.90135,60138.94603,16681.90638,11461.98747,24199.82503,80256.34616,14506.19489,27222.12733,47221.63777,47361.47249,36097.717,56535.15465,38216.71658,29498.68045,0,19954.08899,27473.26533,48751.03688,19753.50558,45038.66281,16707.91893,11836.07439,22548.59908,36964.43131,62173.09702,41700.0149,61802.56866,110398.4534,114556.5717,38961.92271,51564.18678,61934.40069,72173.23949,89904.63684,80442.17084,102978.8612,72470.75698,75872.90098,76446.94086,62138.73431,81227.31828,57284.6654,126073.6385,68132.98651,60083.78059,64523.45573,55279.91796,60583.62833,50735.22712,51838.06293,63901.04217,66948.55148,42957.36883,49073.3224,42176.28731,47690.01667,56070.99116,40084.5966,65663.14011,40232.76164,47046.48783,36275.6652,37485.00782,50601.25094,38201.93262,32784.77924,49640.3162,59311.07244,83753.62934,44912.88721,32371.42655,65245.39206,28780.80704,71718.0262,57235.20968,84301.99412
CENTRAL NORTHWEST,39660.53369,47649.27221,41694.84367,68592.64171,27489.01639,17508.12705,87121.50363,71207.02814,83456.00351,18756.69792,42631.31088,53742.15519,60304.60748,67419.9365,11217.06827,15264.34169,40081.63038,82817.21564,30967.96406,15195.28083,35005.09717,62434.33239,25808.33162,77362.99878,59063.54276,18102.54516,19954.08899,0,44241.56399,37270.83582,36443.90404,58811.62447,14228.68564,20548.67531,25434.52755,47792.11656,53630.22078,41796.2131,65452.75776,115520.204,119806.0238,22432.4218,41531.99787,50054.18742,64963.29257,83771.78895,76192.71996,107601.5058,78271.35995,65730.55174,73803.64305,64862.10147,68536.41274,71393.01005,130887.1984,63688.54274,56353.28678,55614.41828,56813.04427,68660.93234,54601.47321,59319.85811,78401.61684,82647.55146,49535.82746,41720.90724,50865.20423,58907.23272,72027.92629,43418.12277,51233.72892,48214.05205,62393.07057,36723.14109,49240.65732,38384.86586,52065.19642,43098.74185,49475.62736,54393.03007,97855.00336,62156.92654,29753.46896,48156.00147,35395.22956,50576.55245,36567.52033,61406.70273
TRINITY / HOUSTON GARDENS,37555.08103,30955.20103,29843.72094,29051.22559,55245.22099,58440.16571,72469.96708,53919.59896,125273.468,39411.86655,18157.32522,23771.15097,17562.25866,32606.25477,40594.07292,27525.67279,11597.83648,75747.08516,19765.62345,52103.04968,74297.19668,19295.63898,65266.19937,30889.69459,12463.15522,57439.2948,27473.26533,44241.56399,0,76439.76193,12604.03127,15849.3147,41332.20626,26227.86707,43176.29897,16280.25976,84611.1585,52352.4553,56843.45989,90669.70879,92107.99987,63751.20327,80980.11254,79251.11796,94789.94106,100549.1002,96685.84173,85395.22619,72916.02034,90463.83462,83999.35063,63516.80064,99177.32794,46658.73413,106718.6281,81896.94963,72155.79341,81484.83026,64978.63626,56159.03733,56501.87347,49435.6272,50485.11301,50729.94964,51597.78155,65733.12606,47533.47413,43228.75195,43125.71914,48041.10902,86178.20316,46308.33986,39004.71917,50464.28086,40521.17157,69690.80667,37154.01747,39768.67924,61941.82367,72322.67665,71814.24646,32828.56266,46537.0287,87161.4871,40005.7284,94985.60694,80702.38683,108102.5473
CARVERDALE,68302.02483,77905.37483,71416.98126,98830.25963,40674.05189,23907.25785,117336.9607,104009.0446,65451.37673,54825.8572,72982.74893,89400.80463,90453.16474,110666.4383,40431.02525,52466.33766,74738.6561,109310.1442,61092.36636,28300.75361,13544.40836,97575.78459,17585.63295,106961.7748,88312.55461,23384.14008,48751.03688,37270.83582,76439.76193,0,64222.41819,93240.63955,36657.67592,53355.37872,44526.13272,79573.47835,35417.62097,55683.8877,88956.65512,142585.7458,148102.0874,12585.4981,8765.768777,54901.64261,63262.40965,93014.37656,87558.79167,144586.4114,102331.406,71953.53148,89604.53861,89462.84841,63644.5894,100270.9423,168688.9963,76329.12562,75496.99587,65388.57949,79517.04595,94609.97712,78575.71784,85258.65086,107358.2758,112126.961,75782.04234,57316.27357,78081.59833,88765.92864,101678.3283,67985.3483,48118.86335,75261.12498,91331.33609,58893.58984,77295.01101,43015.0516,81331.67916,71175.61898,69653.16877,67255.93418,126262.7132,92066.60033,52239.10559,37576.35281,62722.47898,32755.3844,20986.43341,39135.48826
EASTEX - JENSEN AREA,39736.20131,36824.65635,34603.58968,42685.90479,50482.25368,43902.09716,78734.21557,62722.60453,120075.7925,34670.84527,26578.50355,31332.10959,31069.71041,47357.89096,35864.73862,22519.06229,19633.20684,77756.72759,17894.18755,45018.12376,63955.27815,34159.0089,54125.99869,42673.37672,23918.58214,46947.78313,19753.50558,36443.90404,12604.03127,64222.41819,0,27195.90512,29448.9346,13579.61244,29923.64354,13672.76086,71178.86606,37384.03926,47469.19479,89310.87875,92510.9596,54015.6342,69057.99941,74806.87958,91802.19261,103578.8366,97041.08422,93710.63744,78964.20423,86532.82263,81374.27102,67949.78698,94651.84335,57519.60389,116364.2501,82428.49402,73579.65793,79618.38327,67353.5328,64041.41508,61311.89459,57247.30817,62476.4671,63397.75838,54351.08099,63555.36874,51945.72959,50420.31484,54758.95926,50985.30193,81266.01497,50057.59231,48323.44543,50497.00823,45187.58973,64927.7582,43248.59897,42527.85105,63400.4649,72724.84017,83694.46839,43458.54639,44500.41207,82061.74262,40971.93792,89675.09854,75251.49891,101695.6832
EAST HOUSTON,53996.58513,42188.13146,45225.18245,32097.24391,72377.97044,69528.69336,74909.88324,61200.87753,141471.3164,55762.47404,30603.91274,25814.23445,23655.03744,25400.98227,58383.22246,44952.01293,24477.4298,78679.24764,37517.63506,69891.59248,91761.59027,17564.95313,82482.93663,19697.45799,13553.66666,74781.09248,45038.66281,58811.62447,15849.3147,93240.63955,27195.90512,0,55256.70135,37925.3295,57226.72006,15686.898,97402.21005,59296.45856,53193.01742,77054.68946,77151.78401,78619.63226,98030.32786,95479.22629,112031.2654,114670.2535,112727.8616,84267.32065,81109.71225,105868.0939,94738.84247,73691.16643,115485.4867,53943.64722,104478.436,97982.40118,87624.2374,98548.60588,79958.16416,66195.43611,70563.0084,60802.8701,56137.35793,54066.08081,66955.31653,82960.32108,59809.88774,55769.2045,49190.02219,63752.93911,103381.5024,61632.78028,49289.33349,67301.19803,55146.75578,86073.85474,49571.77718,55679.68415,77921.28547,88596.71412,76705.81352,41880.74037,62905.89325,103412.8176,56870.37638,110745.9147,96376.04297,123300.5616
ACRES HOME,47084.46961,51775.65116,46700.43156,69099.10632,38324.93535,11427.0171,95374.834,78450.06814,92302.86544,33028.57181,43865.92452,56555.64126,58326.33471,73754.15995,25306.46966,26147.47499,39013.09079,92536.39882,30790.69255,25554.86352,37068.3157,60063.69004,29834.57634,73545.16994,54753.28292,25136.49211,16707.91893,14228.68564,41332.20626,36657.67592,29448.9346,55256.70135,0,15503.86072,15553.19171,42379.15879,44661.47967,23374.06197,52925.46829,106448.2259,111401.6721,21920.3178,41715.60427,60980.73513,78643.13596,98183.24512,91780.45629,117664.6594,89200.2007,77909.29149,84992.46161,76088.66004,77819.04837,76612.56539,140852.0681,79280.25287,71634.09531,71001.16246,69991.70868,78168.35031,66938.40073,69465.68274,83220.74153,85678.45778,60052.73154,57076.02477,60034.98096,64996.55927,75481.49804,56142.70853,63134.41793,57763.93542,66459.41086,51635.10592,56171.06821,52727.70859,57377.8155,50954.98782,64656.69175,70189.52254,103113.0717,64340.17321,44778.33612,58628.59953,45806.94638,59483.58785,45572.3046,69817.65892
NORTHSIDE/NORTHLINE,40661.30218,41965.85185,38225.50056,55228.045,44426.58282,29783.52391,85927.70584,69128.64937,106626.4384,34165.1976,32668.06738,40267.26732,43880.19775,53753.85664,29809.52196,22279.71917,26474.02311,83483.54788,20867.40852,34836.19698,52497.2322,45349.9329,43670.01358,58183.9102,39312.81287,36596.7343,11836.07439,20548.67531,26227.86707,53355.37872,13579.61244,37925.3295,15503.86072,0,22161.12059,26731.43445,62933.23259,28189.44889,43617.4726,93334.23778,97884.75742,38648.98817,58151.1983,69251.00741,85298.84443,100838.8254,93871.53443,100216.8139,82736.01628,82338.42484,80247.17381,70791.1109,88377.63541,65850.4065,123004.8959,79911.5486,71420.87713,74638.82234,67081.95231,69684.03965,63018.63357,62626.68867,71720.15761,73381.86908,55043.58231,59030.10059,53842.36142,55874.35571,63899.85168,52060.06946,71419.28201,51990.15741,55700.46066,49140.67318,48365.12709,58380.00038,48174.20997,44355.97354,62515.64469,70466.93039,92234.58306,52344.17729,42278.85806,69747.31913,41049.51246,74327.29693,60077.93416,85681.61009
HIDDEN VALLEY,50226.97341,56776.53465,50671.93444,71084.19824,54703.55106,23994.84787,106655.1067,89151.6606,110772.9127,42296.81066,49079.92296,65698.36733,61466.78985,79263.39198,32783.93755,34953.45031,44887.73172,104685.5698,39590.53034,37823.31017,49738.20086,64106.43474,44050.37889,68870.44463,49653.59447,35037.50741,22548.59908,25434.52755,43176.29897,44526.13272,29923.64354,57226.72006,15553.19171,22161.12059,0,41082.62949,46344.14899,20832.33792,47255.59102,100702.4755,105962.395,37693.70035,50377.52654,77969.49043,88621.98229,110170.058,98476.38321,127726.152,95814.83972,93411.46281,98337.22131,85420.18039,96396.46815,77739.32632,150598.9991,88123.08518,81383.33891,81817.29284,77435.97318,85314.08425,72181.71123,73076.03629,83755.09605,91736.5797,64190.31801,67619.15312,64585.26148,72882.50224,77125.49102,62127.17542,78168.03419,61402.37231,68473.36375,56589.89344,60609.92097,65707.85771,59811.00213,54090.28084,70718.21362,78552.48332,106799.5271,66995.24163,52002.29128,75456.9731,51559.18036,77458.11952,64118.4757,85987.22444
EAST LITTLE YORK / HOMESTEAD,53888.12749,48813.53905,47030.0463,44151.27118,66053.70528,58670.64043,88358.29775,71334.41102,132288.1013,48965.00098,35885.71882,39473.10508,33411.98617,41198.44365,52790.80296,39093.75156,29248.1172,90899.32084,32558.5038,61898.32364,79368.0022,32136.95605,70737.09581,34096.61183,22811.7018,63926.75376,36964.43131,47792.11656,16280.25976,79573.47835,13672.76086,15686.898,42379.15879,26731.43445,41082.62949,0,82859.32973,45814.35334,36053.60005,70126.2273,73717.04656,66536.28571,84547.27327,89409.41088,108541.128,117813.2533,112522.3909,99950.4296,89080.98319,102754.2463,96698.40069,79487.00296,109097.1229,64134.86862,120323.2621,97784.36286,88741.66618,95937.01264,81720.23134,73725.35677,74068.49862,67374.17247,67502.61943,67063.8624,68376.43392,79891.83196,65255.89355,61082.88094,60377.64436,64804.94001,97316.93169,63406.84792,56941.9869,65865.28363,57852.70573,81348.78196,54868.58776,56337.39961,78194.06745,88105.16348,88664.68357,50574.88517,60322.04065,94629.79023,55725.35087,100826.2799,86543.71427,112803.3354
